0.0000 2.9004 2.0000 1.0805 4.0000 0.7995 6.0000 0.6602 8.0000 0.0669
0.2000 2.8718 2.2000 0.9076 4.2000 0.8182 6.2000 0.6062 8.2000 0.0647
0.4000 2.6121 2.4000 0.7522 4.4000 0.9791 6.4000 0.4935 8.4000 0.0174
0.6000 2.5500 2.6000 0.7779 4.6000 0.9631 6.6000 0.3788 8.6000 0.0864
0.8000 2.3605 2.8000 0.6789 4.8000 1.0600 6.8000 0.2423 8.8000 0.0424
1.0000 2.0048 3.0000 0.6358 5.0000 1.1088 7.0000 0.1860 9.0000 0.0190
1.2000 1.8463 3.2000 0.5275 5.2000 1.1188 7.2000 0.1158 9.2000 0.0805
1.4000 1.5930 3.4000 0.5860 5.4000 1.0386 7.4000 0.1396 9.4000 0.0670
1.6000 1.2475 3.6000 0.6809 5.6000 0.9028 7.6000 0.1260 9.6000 0.0761
1.8000 1.1892 3.8000 0.7591 5.8000 0.8256 7.8000 0.1131 9.8000 0.0242
10.0000 0.0561