1,1.40073,127 
2,1.939794,126 
3,1.210595,79 
4,0.459308,140 
5,0.668623,1078 
6,0.955522,96 
7,2.296105,69 
8,0.975352,291 
9,1.025222,124 
10,0.067479,4465 
11,1.065987,189 
12,0.529063,421 
13,1.045849,114 
14,1.296744,182 
15,1.194908,47 
16,2.54456,95 
17,1.141583,178 
18,0.374964,279 
19,4.260317,14 
20,0.740957,71 
21,2.509852,80 
22,0.400132,118 
23,0.27478,429 
24,2.211351,64 
25,0.198546,317 
26,0.459714,74 
27,0.342515,245 
28,0.344175,240 
29,0.197803,497 
30,1.46355,241 
31,0.344851,217 
32,0.477935,118 
33,0.246263,968 
34,0.000401,313778 
35,0.356321,228 
36,0.361193,247 
37,0.372103,387 
38,0.074739,491 
39,0.795732,296 
40,0.795237,143 
41,0.401285,160 
42,3.324467,257 
43,0.652205,72 
44,0.855838,219 
45,0.180176,1600 
46,0.306324,415 
47,3.462216,70 
48,1.175761,375 
49,1.040065,160 
50,0.122323,471 
51,0.30916,466 
52,0.155943,386 
53,1.150907,138 
54,0.761659,203 
55,0.564132,93 
56,0.473592,116 
57,0.443037,242 
58,0.128906,285 
59,0.039641,1950 
60,3.773984,34 
61,0.653443,42 
62,0.085282,4608 
63,0.096254,163 
64,1.584144,140 
65,3.094513,30 
66,1.045464,149 
67,0.47885,44 
68,2.080672,58 
69,8.012886,2 
70,2.107137,54 
71,0.449209,773 
72,0.303487,237 
73,0.234604,547 
74,0.13003,1834 
75,1.210264,136 
76,2.122219,54 
77,0.283269,347 
78,0.748115,322 
79,3.347658,28 
80,1.534266,85 
81,0.823884,105 
82,1.261786,57 
83,0.397543,231 
84,3.136512,46 
85,0.557119,334 
86,0.429601,595 
87,1.885277,131 
88,1.276551,173 
89,1.296744,182 
90,1.924156,65 
91,0.149575,1883 
92,0.180935,362 
93,1.433888,125 
94,1.436551,44 
95,0.358152,212 
96,0.163656,488 
97,0.389017,118 
98,0.747035,103 
99,0.338273,225 
100,6.227381,13 
101,0.878781,86 
102,0.661789,1299 
103,0.794687,315 
104,0.143232,201 
105,1.841954,114 
106,0.050078,1015134 
107,2.48963,225 
108,0.003871,365468 
109,0.025611,1238947 
110,0.973246,35430 
111,1.050426,207 
112,0.007895,477040 
113,7.491002,9 
114,0.195251,7145 
115,0.812269,714 
116,1.05689,419 
117,5.534676,360 
118,1.498768,274 
119,2.953134,26 
120,15.11526,12 
121,0.671636,9573 
122,0.979088,801 
123,0.012382,15975 
124,1.233423,152 
125,0.149209,2116 
126,0.282189,975 
127,0.015642,82914 
128,0.942397,120 
129,0.680654,1087 
130,4.366074,460 
131,0.579262,249 
132,0.502915,177 
133,0.255865,538 
134,0.107069,2202 
135,0.001075,290107 
136,0.201092,1316 
137,0.065364,8017 
138,0.134502,1334 
139,0.133092,827 
140,1.357872,90 
141,0.609224,518 
142,1.520259,1025 
143,0.119534,1227 
144,0.223826,2078 
145,0.296383,177 
146,0.600405,1999 
147,0.629533,1032 
148,0.070304,559 
149,0.155949,1814 
150,0.406983,2807 
151,0.658337,219 
152,0.10295,649 
153,0.359524,2332 
154,0.576077,791 
155,0.685418,566 
156,0.669004,973 
157,1.432977,266 
158,1.338854,359 
159,0.33888,2215 
160,4.430902,99 
161,0.030468,25367 
162,0.009379,125011 
163,1.022009,199 
164,0.021692,10991 
165,0.039537,10437 
166,0.639024,584 
167,0.609632,486 
168,2.048599,251 
169,0.048371,7448 
170,0.25568,973 
171,3.507666,108 
172,0.507414,775 
173,0.019434,27973 
174,2.461705,288 
175,0.064278,1956 
176,0.048648,11175 
177,0.36647,232 
178,0.13591,2149 
179,0.230969,2093 
180,1.763545,51 
181,0.202857,3700 
182,1.130013,283 
183,0.000812,1182336 
184,0.992943,53 
185,0.523481,638 
186,0.106908,4056 
187,0.637359,1979 
188,0.417767,1116 
189,0.052846,6867 
190,0.161254,2023 
191,1.0718,165 
192,0.086207,5334 
193,0.123289,3156 
194,5.513351,24 
195,0.05364,7302 
196,0.126411,3555 
197,0.101919,9242 
198,0.174303,2668 
199,0.215193,4432 
200,0.304317,3000 
201,0.714085,176 
202,0.505657,383 
203,0.323736,587 
204,0.51867,177 
205,0.280306,1229 
206,0.374289,311 
207,2.084142,47 
208,0.333151,6681 
209,0.311917,1205 
210,0.240891,876 
211,0.359242,591 
212,0.168079,483 
213,0.581721,162 
214,3.496177,30 
215,3.112271,64 
216,0.04096,34861 
217,5.099757,10 
218,0.362968,754 
219,1.080159,99 
220,0.320352,143 
221,0.904251,159 
222,0.934666,129 
223,0.833396,83 
224,0.416067,157 
225,1.304594,167 
226,0.575472,114 
227,1.106013,198 
228,2.874665,61 
229,0.477935,118 
230,2.013062,51 
231,1.259526,76 
232,1.811801,61 
233,1.253534,60 
234,2.815163,69 
235,0.848026,178 
236,1.32622,148 
237,1.091124,138 
238,0.967931,70 
239,0.175316,1644 
240,0.729004,401 
241,1.118963,26 
242,1.241824,88 
243,0.303083,281 
244,2.585974,1578 
245,0.67543,306 
246,0.316979,818 
247,2.741539,71 
248,0.364908,714 
249,2.513178,22 
250,2.15146,71 
251,0.066326,1422 
252,0.74333,102 
253,0.669694,333 
254,0.350873,429 
255,0.179179,278 
256,0.621754,394 
257,0.759043,138 
258,0.1679,1748 
259,0.747907,117 
260,0.119494,9318 
261,0.049722,1423 
262,0.744641,457 
263,1.805457,152 
264,0.552139,209 
265,6.270193,8 
266,2.200021,49 
267,8.596015,16 
268,4.84836,44 
269,0.749403,393 
270,0.050706,5813 
271,2.279274,468 
272,0.128038,2537 
273,0.133627,1667 
274,0.406538,374 
275,2.163192,71 
276,2.153835,160 
277,0.074915,11191 
278,0.628974,721 
279,0.849234,401 
280,0.268576,2507 
281,1.24132,236 
282,1.169381,278 
283,0.474231,354 
284,0.192687,959 
285,0.900821,275 
286,0.131765,418 
287,0.080711,2207 
288,4.858858,56 
289,0.519494,391 
290,4.113175,241 
291,0.589177,173 
292,2.241393,141 
293,0.598501,197 
294,0.475455,242 
295,1.181265,507 
296,0.979361,143 
297,3.567844,118 
298,0.35907,109 
299,0.486517,328 
300,0.118939,2258 
301,4.201386,67 
302,0.359319,284 
303,6.895366,19 
304,0.668378,278 
305,0.064489,630 
306,0.267303,230 
307,12.65643,24 
308,0.157546,2162 
309,4.171279,53 
310,0.085419,5092 
311,0.579673,154 
312,0.40948,192 
313,1.456737,237 
314,0.539456,862 
315,0.538689,423 
316,0.251792,520 
317,0.467693,577 
318,3.101023,354 
319,2.454053,45 
320,0.396001,334 
321,0.45885,131 
322,0.004521,18546 
323,0.363787,259 
324,0.682696,426 
325,0.503155,562 
326,2.333832,59 
327,0.362885,5736 
328,0.61855,879 
329,1.381479,119 
330,2.003439,135 
331,0.552221,638 
332,0.210429,473 
333,0.278506,296 
334,0.389017,118 
335,0.109397,8562 
336,0.960839,308 
337,0.999937,109 
338,1.657819,246 
339,3.844958,29 
340,2.166023,62 
341,0.831463,613 
342,0.7366,267 
343,3.327,43 
344,0.414009,168 
345,0.210348,1551 
346,2.078386,268 
347,0.330073,833 
348,0.721876,327 
349,0.132251,931 
350,0.599228,271 
351,0.719128,111 
352,1.976769,142 
353,1.109604,296 
354,0.941827,288 
355,0.504481,369 
356,0.489845,495 
357,0.403334,1601 
358,0.55668,459 
359,0.290595,4066 
360,0.686908,187 
361,0.337148,202 
362,1.361536,155 
363,1.448418,158 
364,1.119186,206 
365,8.655392,61 
366,1.099308,338 
367,1.094055,54 
368,0.269063,584 
369,0.062497,4653 
370,0.694373,245 
371,0.127957,891 
372,0.582668,313 
373,0.092641,1739 
374,4.035998,60 
375,0.348645,357 
376,0.854975,153 
377,0.630954,276 
378,1.194931,101 
379,0.329635,449 
380,0.117031,1209 
381,0.676292,657 
382,0.752256,374 
383,1.0875,296 
384,3.478864,27 
385,1.258064,173 
386,0.963336,105 
387,0.351954,141 
388,0.050987,2672 
389,0.316732,120 
390,0.058863,5252 
391,2.18732,57 
392,1.498985,71 
393,2.260249,55 
394,0.897925,535 
395,0.456552,241 
396,0.778032,389 
397,1.489106,66 
398,0.13708,1519 
399,2.055091,89 
400,0.337255,835 
401,0.545623,259 
402,2.068249,109 
403,0.807306,303 
404,0.84071,380 
405,0.358092,402 
406,0.552842,185 
407,0.510166,973 
408,0.071158,2228 
409,1.307042,190 
410,1.480134,138 
411,0.053723,1512 
412,3.723274,54 
413,0.145845,880 
414,0.366378,636 
415,1.05507,345 
416,0.131854,1401 
417,1.308015,349 
418,0.768384,407 
419,0.316493,397 
420,1.185607,212 
421,0.067964,4626 
422,2.987725,495 
423,0.014399,15921 
424,0.08289,1817 
425,1.113049,206 
426,0.092658,891 
427,3.403535,69 
428,0.182195,2085 
429,0.844295,244 
430,0.429164,95 
431,0.618094,519 
432,1.953296,158 
433,0.259349,182 
434,0.476501,352 
435,0.564876,369 
436,1.306551,178 
437,0.47879,219 
438,1.475541,244 
439,2.003271,146 
440,1.93089,380 
441,1.05123,189 
442,2.635834,165 
443,0.823798,87 
444,1.71709,146 
445,1.648401,99 
446,0.978937,120 
447,0.17628,1419 
448,1.72069,493 
449,0.092041,4398 
450,0.328083,335 
451,0.565597,303 
452,0.437181,279 
453,0.373261,260 
454,0.357676,260 
455,0.085673,1315 
456,5.440872,45 
457,0.394569,272 
458,0.337536,295 
459,3.777214,25 
460,2.463442,40 
461,1.360844,450 
462,0.255384,221 
463,0.224154,421 
464,0.202093,130 
465,0.2226,618 
466,0.332145,529 
467,1.162419,143 
468,0.127576,1284 
469,0.066526,1851 
470,1.435987,273 
471,0.616125,119 
472,0.553467,182 
473,0.434336,296 
474,0.769121,441 
475,1.815414,202 
476,0.431431,358 
477,1.111485,401 
478,0.964731,210 
479,1.594971,34 
480,3.498309,3 
481,1.098034,143 
482,0.827883,282 
483,0.623125,381 
484,0.134519,701 
485,0.673336,391 
486,0.504649,125 
487,2.19248,37 
488,1.406331,130 
489,0.931753,221 
490,0.563149,354 
491,0.257662,519 
492,0.483131,1527 
493,1.395363,155 
494,0.160972,1270 
495,1.750222,45 
496,0.307303,320 
497,2.509376,149 
498,0.826165,281 
499,16.30343,23 
500,0.872605,429 
501,0.332779,232 
502,0.1382,1706 
503,1.719316,59 
504,1.473026,62 
505,0.505683,254 
506,0.273604,1470 
507,1.474682,129 
508,0.803934,192 
509,0.342545,493 
510,1.652599,228 
511,0.256173,675 
512,1.008379,321 
513,0.801618,167 
514,1.244855,101 
515,1.436326,88 
516,0.601452,375 
517,0.926997,488 
518,0.464981,285 
519,0.012867,16493 
520,0.091857,1783 
521,1.170564,233 
522,1.170991,333 
523,0.432253,255 
524,0.104796,563 
525,2.006596,128 
526,0.102212,3076 
527,8.842827,11 
528,0.250643,251 
529,0.265566,631 
530,4.240083,60 
531,2.369269,80 
532,1.115913,128 
533,0.439323,707 
534,0.662146,396 
535,0.614264,128 
536,0.38469,289 
537,0.605847,177 
538,0.122003,752 
539,0.424351,93 
540,0.188216,1385 
541,0.146109,1435 
542,0.625469,172 
543,3.040037,93 
544,2.113243,172 
545,0.375024,248 
546,3.295678,29 
547,0.583526,135 
548,1.378882,170 
549,0.898451,416 
550,0.076354,4632 
551,0.724896,119 
552,0.237763,99 
553,1.108378,301 
554,0.06378,4786 
555,2.196488,81 
556,0.735973,187 
557,0.271576,511 
558,1.673276,81 
559,0.096408,1209 
560,0.393902,402 
561,1.069782,189 
562,3.400094,91 
563,1.510779,77 
564,0.265143,1729 
565,0.771477,399 
566,1.180205,220 
567,1.396703,49 
568,0.746896,295 
569,0.524685,195 
570,0.622414,311 
571,2.354291,51 
572,0.093076,1337 
573,0.190186,1515 
574,1.111435,71 
575,0.86668,133 
576,0.970022,519 
577,0.125576,480 
578,1.857195,157 
579,0.658824,418 
580,0.348031,327 
581,2.151164,55 
582,0.022866,4125 
583,0.890174,233 
584,1.364382,161 
585,1.114643,165 
586,0.711239,667 
587,0.608282,185 
588,1.277695,279 
589,0.232514,732 
590,1.283693,134 
591,1.927065,145 
592,3.417993,94 
593,0.540945,392 
594,4.400043,49 
595,3.727892,98 
596,0.223198,1244 
597,0.433962,423 
598,0.292797,1266 
599,0.306786,325 
600,0.301997,325 
601,0.038836,8602 
602,1.843734,77 
603,0.748366,177 
604,0.352731,1552 
605,1.159924,98 
606,2.773053,66 
607,0.084057,1278 
608,1.188853,279 
609,0.355912,317 
610,0.471534,117 
611,1.391242,143 
612,1.333086,264 
613,2.778856,47 
614,3.338612,40 
615,0.128605,2862 
616,1.761466,376 
617,0.098226,4214 
618,0.575085,235 
619,1.456007,140 
620,2.009689,45 
621,1.102542,91 
622,1.279717,128 
623,0.737551,256 
624,0.29537,115 
625,0.052534,5461 
626,0.389017,67 
627,0.068249,1420 
628,0.123578,1039 
629,0.361798,409 
630,0.007155,20506 
631,0.388977,424 
632,3.319345,45 
633,0.941146,104 
634,0.131087,2448 
635,0.404904,146 
636,0.22181,384 
637,0.285535,541 
638,0.360542,767 
639,0.229874,370 
640,0.581119,149 
641,0.266352,187 
642,3.202418,35 
643,0.723712,72 
644,0.318895,682 
645,0.339142,591 
646,0.123159,5531 
647,0.688008,308 
648,0.256368,1354 
649,1.076858,465 
650,0.797485,67 
651,2.41398,49 
652,0.208106,617 
653,267,0
654,1.637897,40 
655,0.249889,1447 
656,0.542368,384 
657,6.711913,27 
658,0.942975,93 
659,0.034617,17029 
660,0.561559,4309 
661,0.33647,62 
662,2.246872,122 
663,0.020738,10865 
664,0.833767,1152 
665,0.000229,1302409 
666,0.494446,334 
667,0.542116,11884 
668,0.644471,785 
669,0.108746,120 
670,4.169496,19 
671,0.776102,2712 
672,4.86472,167 
673,5.344638,27 
674,3.000293,24 
675,0.162042,2102 
676,0.046063,853 
677,0.595047,108 
678,0.242378,827 
679,1.012133,377 
680,5.624732,81 
681,0.297484,286 
682,0.160357,850 
683,0.734821,182 
684,0.15671,1187 
685,0.125571,2942 
686,0.071763,2647 
687,0.143319,1462 
688,0.281291,638 
689,0.02395,26911 
690,1.611643,471 
691,3.639098,104 
692,0.275143,1133 
693,0.093075,5180 
694,0.267738,2133 
695,0.11267,2081 
696,0.039221,2872 
697,0.946328,413 
698,0.055187,2754 
699,0.576304,227 
700,1.09133,381 
701,0.050023,2697 
702,0.638738,386 
703,0.349563,262 
704,0.620242,838 
705,1.040434,145 
706,0.626003,439 
707,0.473779,332 
708,1.409695,170 
709,0.532362,96 
710,0.7173,179 
711,0.117323,1061 
712,0.053791,3799 
713,0.220937,1103 
714,1.827807,25 
715,0.274883,877 
716,0.309173,335 
717,0.686005,330 
718,0.670802,525 
719,0.08637,3701 
720,0.817671,529 
721,0.727618,598 
722,1.230864,318 
723,1.207739,113 
724,0.678965,450 
725,0.038651,4237 
726,0.181253,1988 
727,0.988603,378 
728,1.847678,106 
729,0.192601,551 
730,0.080569,1333 
731,1.174458,27 
732,7.866398,7 
733,0.26958,603 
734,0.095694,1259 
735,0.672017,729 
736,0.340134,643 
737,1.387029,77 
738,0.336184,273 
739,0.187983,502 
740,0.553296,144 
741,0.325772,310 
742,0.735753,620 
743,0.749734,648 
744,0.600066,574 
745,0.46262,249 
746,0.065331,1323 
747,1.346767,164 
748,0.341386,932 
749,0.328743,359 
750,0.042216,2327 
751,0.475724,39 
752,1.394993,103 
753,15.55954,37 
754,0.553942,520 
755,0.680589,860 
756,0.329839,675 
757,0.357019,778 
758,0.14641,3874 
759,1.132308,88 
760,0.848765,370 
761,0.325441,531 
762,0.178987,1178 
763,0.401453,737 
764,0.169323,611 
765,0.913329,155 
766,0.089848,2697 
767,0.289207,1345 
768,0.206753,482 
769,1.829154,535 
770,1.208346,16 
771,1.053326,547 
772,0.544423,397 
773,1.896483,431 
774,4.869171,16 
775,0.478794,635 
776,0.156797,660 
777,0.675531,498 
778,0.148507,1076 
779,0.964457,264 
780,6.101944,150 
781,2.11366,101 
782,0.426245,704 
783,1.292041,279 
784,0.110026,667 
785,0.100402,3901 
786,2.161077,91 
787,0.872075,26 
788,1.748491,470 
789,0.120547,2967 
790,0.128641,2963 
791,0.357523,769 
792,3.328823,16 
793,0.324271,166 
794,0.332889,338 
795,0.254535,46 
796,0.2436,527 
797,0.428183,184 
798,0.694664,189 
799,0.620769,475 
800,0.607175,615 
801,0.600345,759 
802,0.371967,845 
803,0.170698,1742 
804,0.352992,1232 
805,0.090449,2201 
806,0.087738,3598 
807,0.098956,3746 
808,0.697723,526 
809,2.333457,51 
810,0.555717,71 
811,1.458085,175 
812,0.086448,1364 
813,0.499876,446 
814,0.118475,1791 
815,1.193771,221 
816,2.243558,58 
817,2.929637,108 
818,0.281164,1221 
819,0.065082,10467 
820,0.483439,404 
821,0.676697,763 
822,0.068829,1351 
823,0.064682,851 
824,0.971456,135 
825,0.741676,540 
826,0.690578,719 
827,0.236191,283 
828,1.245623,278 
829,4.06278,81 
830,0.646802,838 
831,0.468339,347 
832,10.27873,28 
833,0.167809,429 
834,1.046135,357 
835,1.093406,125 
836,1.093299,258 
837,0.396433,1325 
838,0.517699,443 
839,0.533992,1712 
840,0.149162,3943 
841,0.165808,514 
842,0.447952,5352 
843,0.887607,239 
844,0.071917,4317 
845,3.556591,71 
846,1.229172,200 
847,0.223569,293 
848,0.709129,456 
849,0.066945,4833 
850,0.160437,1519 
851,3.274832,113 
852,1.601874,114 
853,0.059193,1439 
854,0.296383,177 
855,1.799996,113 
856,4.565212,16 
857,1.776458,251 
858,1.919909,234 
859,1.741932,113 
860,0.302569,303 
861,0.221594,266 
862,0.329876,210 
863,1.951929,54 
864,0.129191,1359 
865,1.750578,67 
866,0.049632,1109 
867,0.089065,1015 
868,1.049933,120 
869,0.102153,1988 
870,0.072229,1669 
871,0.33828,232 
872,0.239388,175 
873,1.608657,83 
874,2.149962,74 
875,0.781653,1448 
876,1.849943,109 
877,0.917708,278 
878,0.046665,4969 
879,0.231323,2260 
880,0.059129,4874 
881,0.172742,1881 
882,0.059249,4754 
883,0.289822,877 
884,0.243492,1350 
885,0.343248,458 
886,0.002494,1034826 
887,0.149783,778 
888,0.240495,1166 
889,0.767067,60 
890,0.893272,227 
891,1.557706,796 
892,2.381732,86 
893,0.60609,305 
894,0.133854,783 
895,0.070109,3064 
896,3.196461,62 
897,0.634601,904 
898,1.647284,269 
899,1.844982,177 
900,0.102286,2536 
901,3.695476,54 
902,1.498346,91 
903,0.031999,14942 
904,1.579166,170 
905,0.936005,753 
906,0.048375,7637 
907,0.108137,2362 
908,1.272175,139 
909,0.130307,2805 
910,0.625299,182 
911,0.052244,1630 
912,0.398189,714 
913,0.08881,1652 
914,1.216158,86 
915,1.956125,177 
916,0.962133,252 
917,1.197844,234 
918,0.095464,1921 
919,0.349377,1421 
920,0.467869,748 
921,0.08203,1054 
922,0.179086,3365 
923,1.038909,224 
924,0.178318,1220 
925,0.003031,605005 
926,0.585797,300 
927,0.544298,409 
928,0.665027,301 
929,0.450428,192 
930,0.1254,3029 
931,1.25653,359 
932,0.143673,2088 
933,0.198804,955 
934,0.578782,690 
935,0.960378,323 
936,1.862268,364 
937,0.334481,540 
938,0.661698,129 
939,0.299244,219 
940,0.542007,150 
941,0.336445,187 
942,0.112026,2725 
943,2.515645,51 
944,1.482918,141 
945,0.236864,774 
946,0.255773,1956 
947,0.096975,3566 
948,0.319737,615 
949,3.091701,65 
950,0.090406,2826 
951,0.470676,376 
952,2.002343,114 
953,0.685691,567 
954,0.11402,2585 
955,0.217439,398 
956,0.713202,485 
957,0.058772,3299 
958,0.462482,1872 
959,0.468122,604 
960,1.299021,189 
961,2.264176,80 
962,0.19169,1162 
963,0.690049,283 
964,0.710582,583 
965,0.182081,281 
966,2.11059,146 
967,0.482505,217 
968,1.229988,177 
969,0.063409,1302 
970,1.296548,40 
971,0.533509,118 
972,0.772022,653 
973,1.098962,122 
974,1.726092,206 
975,0.569008,677 
976,0.630834,748 
977,1.375162,211 
978,0.059015,8946 
979,0.188612,222 
980,1.667988,120 
981,0.301916,226 
982,0.309005,237 
983,0.288064,1019 
984,0.005688,79682 
985,0.680049,472 
986,0.209468,394 
987,0.572916,370 
988,3.034334,51 
989,0.174255,2556 
990,0.447522,404 
991,0.016185,184538 
992,0.939199,236 
993,0.419747,128 
994,0.340987,273 
995,0.384548,337 
996,0.191317,514 
997,0.844016,377 
998,0.815874,353 
999,0.06995,6386 
1000,0.742827,372 
1001,0.720071,158 
1002,0.242645,999 
1003,2.74667,123 
1004,1.704861,18 
1005,0.000748,147121 
1006,1.834681,66 
1007,0.066647,1258 
1008,0.566236,303 
1009,0.125661,3701 
1010,0.089746,1854 
1011,0.272312,471 
1012,0.888161,178 
1013,1.197844,234 
1014,2.711631,314 
1015,0.724322,262 
1016,0.459874,197 
1017,0.03154,156376 
1018,0.380606,623 
1019,0.16001,2440 
1020,0.055631,3603 
1021,0.24456,546 
1022,0.102028,3082 
1023,0.032495,2137 
1024,0.497915,126 
1025,0.352243,1015 
1026,0.144649,1422 
1027,0.149563,867 
1028,1.96227,81 
1029,0.283545,379 
1030,0.664147,235 
1031,1.27478,219 
1032,44.67979,5 
1033,0.595633,460 
1034,0.101197,2990 
1035,0.205261,1340 
1036,2.425156,132 
1037,0.398082,665 
1038,0.122745,2017 
1039,0.948836,260 
1040,1.373375,211 
1041,0.07114,1934 
1042,0.101422,3552 
1043,0.763703,274 
1044,6.506284,18 
1045,0.37905,131 
1046,0.525173,135 
1047,0.194509,404 
1048,0.064673,2674 
1049,0.074901,2571 
1050,1.573561,111 
1051,1.827945,42 
1052,0.144517,3000 
1053,0.435487,442 
1054,0.229871,222 
1055,0.558601,131 
1056,0.526812,162 
1057,0.480644,379 
1058,1.071633,187 
1059,0.770902,184 
1060,0.074299,1305 
1061,2.625866,67 
1062,0.285985,1136 
1063,0.601249,479 
1064,0.204582,845 
1065,0.344002,975 
1066,0.324679,525 
1067,1.473579,476 
1068,0.550168,638 
1069,0.215012,591 
1070,0.273366,249 
1071,2.955367,41 
1072,9.576009,131 
1073,0.148519,5433 
1074,1.493285,104 
1075,0.286151,3493 
1076,0.451543,638 
1077,0.352045,1630 
1078,1.119884,222 
1079,0.663344,543 
1080,0.026539,2962 
1081,0.237733,303 
1082,1.408484,92 
1083,0.915051,279 
1084,0.19225,1635 
1085,0.238084,308 
1086,0.698408,362 
1087,0.255685,922 
1088,0.43636,318 
1089,1.321083,162 
1090,0.22569,1985 
1091,0.399041,640 
1092,0.422062,279 
1093,3.792725,54 
1094,2.472003,156 
1095,0.02623,7991 
1096,2.486039,57 
1097,0.295459,399 
1098,0.216636,562 
1099,1.376695,44 
1100,44.47462,6 
1101,0.489869,136 
1102,0.473592,116 
1103,0.411247,118 
1104,0.980829,317 
1105,0.586079,512 
1106,0.314316,634 
1107,0.726674,689 
1108,0.829888,379 
1109,0.771575,406 
1110,0.032831,479 
1111,1.404768,136 
1112,1.289736,87 
1113,15.67548,2 
1114,0.227739,1478 
1115,0.346818,854 
1116,0.715716,652 
1117,0.010266,38028 
1118,3.477107,36 
1119,4.512089,44 
1120,0.5638,232 
1121,0.386367,495 
1122,0.29576,509 
1123,0.486046,321 
1124,2.923231,34 
1125,13.5018,19 
1126,0.41859,288 
1127,0.289091,974 
1128,0.548969,289 
1129,0.787507,138 
1130,0.179843,838 
1131,0.026557,2368 
1132,1.071876,317 
1133,1.228683,308 
1134,0.246557,1440 
1135,0.458106,180 
1136,0.608608,209 
1137,0.16444,3856 
1138,4.681831,33 
1139,2.619922,98 
1140,0.589582,267 
1141,0.440218,366 
1142,0.716117,487 
1143,0.431111,517 
1144,0.247998,269 
1145,0.693013,85 
1146,1.00932,311 
1147,0.195206,470 
1148,0.968768,173 
1149,4.112707,94 
1150,3.182633,93 
1151,0.44696,633 
1152,0.314177,734 
1153,0.013368,87213 
1154,0.244381,525 
1155,2.605462,75 
1156,0.443371,479 
1157,0.028186,3253 
1158,0.063924,717 
1159,0.046673,2723 
1160,0.778034,404 
1161,0.37461,1091 
1162,0.17025,416 
1163,0.410321,584 
1164,1.930226,221 
1165,0.399337,190 
1166,0.187418,7199 
1167,5.970708,15 
1168,0.156392,4004 
1169,0.305352,1073 
1170,0.607839,269 
1171,0.731143,140 
1172,0.432599,812 
1173,0.191514,547 
1174,1.032128,168 
1175,0.217108,664 
1176,0.678424,210 
1177,0.21219,389 
1178,2.09656,61 
1179,0.186303,1477 
1180,0.432768,309 
1181,0.886378,266 
1182,0.22229,295 
1183,0.249106,1188 
1184,0.417739,251 
1185,1.524699,42 
1186,0.536179,247 
1187,0.523315,170 
1188,0.665354,488 
1189,0.383524,2623 
1190,0.214765,366 
1191,1.403322,94 
1192,0.619965,108 
1193,1.878788,66 
1194,0.774707,316 
1195,1.732767,74 
1196,0.438171,568 
1197,0.050141,2221 
1198,0.554578,798 
1199,0.394368,857 
1200,0.573707,167 
1201,0.565958,347 
1202,1.082464,310 
1203,0.040361,2110 
1204,1.846064,185 
1205,0.283565,1178 
1206,0.636767,621 
1207,3.862337,24 
1208,0.317018,33 
1209,0.126139,3697 
1210,1.749278,64 
1211,0.748618,801 
1212,3.406005,42 
1213,0.840216,822 
1214,1.56684,121 
1215,0.243683,446 
1216,0.007589,36594 
1217,0.113506,1270 
1218,1.016768,148 
1219,10.99418,9 
1220,2.385972,505 
1221,0.550815,266 
1222,0.183178,772 
1223,2.426032,136 
1224,1.111496,83 
1225,0.998238,268 
1226,0.646107,775 
1227,0.447138,293 
1228,0.570187,712 
1229,0.54031,182 
1230,0.118796,1621 
1231,0.785363,128 
1232,6.392735,39 
1233,0.033375,8674 
1234,0.606251,188 
1235,0.956783,249 
1236,0.212607,524 
1237,0.519783,401 
1238,4.720682,37 
1239,0.460218,487 
1240,0.508931,224 
1241,0.813456,200 
1242,1.357498,244 
1243,0.274954,867 
1244,0.54349,581 
1245,0.586853,393 
1246,1.613928,204 
1247,16.83012,23 
1248,3.216423,48 
1249,0.281216,559 
1250,1.278016,74 
1251,1.305533,99 
1252,0.610603,665 
1253,0.559115,443 
1254,1.74831,76 
1255,0.664563,154 
1256,0.074614,5759 
1257,1.307907,137 
1258,0.812129,423 
1259,0.075746,7575 
1260,0.263524,3520 
1261,0.201994,1920 
1262,0.746428,355 
1263,4.044682,25 
1264,0.177543,642 
1265,4.31527,44 
1266,0.083902,4606 
1267,0.059773,2301 
1268,0.360701,265 
1269,0.602383,331 
1270,0.768379,230 
1271,0.611061,124 
1272,0.240949,1946 
1273,0.456918,820 
1274,0.206532,2315 
1275,0.185067,5380 
1276,0.290227,212 
1277,0.125002,3479 
1278,0.706005,182 
1279,1.824538,429 
1280,0.141259,4711 
1281,0.120029,2739 
1282,0.811114,158 
1283,2.406922,54 
1284,1.210599,466 
1285,0.42767,796 
1286,2.15218,259 
1287,0.66911,505 
1288,0.116202,4295 
1289,0.023969,4044 
1290,0.839153,793 
1291,0.367119,2034 
1292,2.090172,199 
1293,0.295171,3422 
1294,0.07161,3384 
1295,0.03653,5523 
1296,0.153447,2305 
1297,0.40871,2295 
1298,1.849172,115 
1299,0.234878,625 
1300,4.474109,48 
1301,0.784018,353 
1302,0.102216,9163 
1303,0.118443,3152 
1304,0.17954,1430 
1305,0.847583,301 
1306,0.892451,286 
1307,0.089836,1531 
1308,1.118328,191 
1309,0.545562,276 
1310,0.202761,3902 
1311,0.077271,4916 
1312,0.265714,932 
1313,0.116813,3566 
1314,0.033351,24275 
1315,0.216153,3291 
1316,0.007514,129885 
1317,0.035498,22696 
1318,0.061001,3114 
1319,0.54029,121 
1320,0.993218,396 
1321,1.530931,104 
1322,1.50256,318 
1323,1.224757,674 
1324,0.657293,293 
1325,0.514097,843 
1326,0.155508,2384 
1327,0.073448,5672 
1328,0.039691,10529 
1329,0.091414,4313 
1330,0.299748,1600 
1331,0.668692,1019 
1332,0.212692,6264 
1333,0.461664,772 
1334,0.95592,829 
1335,0.158481,1091 
1336,0.102058,4339 
1337,0.014005,16182 
1338,0.27907,1432 
1339,0.640162,399 
1340,0.014497,33615 
1341,2.042862,578 
1342,0.384824,157 
1343,0.090212,4748 
1344,1.744541,147 
1345,0.169275,3065 
1346,0.129133,3388 
1347,0.100666,2147 
1348,0.133472,3259 
1349,0.029379,10478 
1350,0.173396,2418 
1351,0.014188,24930 
1352,0.092658,3973 
1353,0.132609,3122 
1354,0.766213,721 
1355,0.055092,14124 
1356,0.977617,387 
1357,0.412358,337 
1358,0.160878,2883 
1359,0.109276,599 
1360,0.136775,4904 
1361,0.127759,3189 
1362,0.499474,136 
1363,0.283845,517 
1364,0.300939,1071 
1365,1.669895,69 
1366,0.184481,817 
1367,0.311005,535 
1368,2.292271,16 
1369,0.214671,586 
1370,0.00526,1039992 
1371,0.793678,111 
1372,0.491055,814 
1373,0.87362,96 
1374,4.133098,54 
1375,2.022193,479 
1376,1.841834,381 
1377,0.63773,670 
1378,0.174424,1239 
1379,0.543735,460 
1380,0.044847,3505 
1381,0.00169,736556 
1382,1.468011,131 
1383,0.148054,6105 
1384,0.160184,572 
1385,0.356604,7531 
1386,0.87553,84 
1387,0.094788,954 
1388,0.064581,2657 
1389,0.258036,2335 
1390,0.063463,3179 
1391,1.295281,301 
1392,0.049454,4291 
1393,0.016485,189525 
1394,0.831458,956 
1395,0.396351,446 
1396,0.248269,3430 
1397,0.25146,6392 
1398,2.273213,72 
1399,0.008853,211607 
1400,0.123854,1248 
1401,1.205131,196 
1402,0.014874,33645 
1403,0.499886,286 
1404,0.420252,704 
1405,19.6298,20 
1406,16.11825,42 
1407,2.687557,19 
1408,1.263685,278 
1409,0.070807,2294 
1410,0.198421,2595 
1411,0.44737,606 
1412,0.165069,6396 
1413,0.752199,862 
1414,0.67689,168 
1415,0.590135,1834 
1416,23.54473,14 
1417,0.092123,1436 
1418,1.205953,34 
1419,0.32504,379 
1420,0.156773,1780 
1421,0.982375,333 
1422,0.718179,306 
1423,0.48456,2393 
1424,0.250033,985 
1425,1.142245,1162 
1426,2.252508,177 
1427,0.568286,565 
1428,0.12675,10852 
1429,0.105143,5308 
1430,0.518257,1003 
1431,0.001617,81836 
1432,0.100359,1110 
1433,5.523645,11 
1434,0.151823,880 
1435,2.473543,113 
1436,0.705146,1388 
1437,0.023335,4267 
1438,0.491914,692 
1439,0.972543,404 
1440,0.200295,4879 
1441,0.060095,2899 
1442,0.326021,1185 
1443,0.130338,2643 
1444,0.305259,704 
1445,0.170843,4677 
1446,16.15614,22 
1447,2.416551,31 
1448,0.654947,1420 
1449,0.163656,977 
1450,0.324504,339 
1451,0.160647,2479 
1452,0.210648,1057 
1453,1.756779,380 
1454,0.390573,842 
1455,0.167118,1889 
1456,0.095877,4126 
1457,0.096107,3953 
1458,0.233345,1055 
1459,0.427571,202 
1460,1.323382,540 
1461,7.140636,29 
1462,0.982415,345 
1463,0.647608,227 
1464,0.013427,28782 
1465,0.482412,204 
1466,1.418803,114 
1467,0.213277,2303 
1468,0.842899,81 
1469,0.138951,2753 
1470,0.558995,691 
1471,0.081371,5120 
1472,0.148178,4252 
1473,0.478656,367 
1474,0.002183,1518631 
1475,0.636574,3334 
1476,0.561574,968 
1477,0.568954,652 
1478,0.075324,5096 
1479,0.194222,3116 
1480,0.298244,1788 
1481,8.837379,15 
1482,0.429003,360 
1483,0.174066,497 
1484,0.038787,5471 
1485,0.210741,3531 
1486,0.320941,9478 
1487,6.490075,6 
1488,0.767351,61 
1489,0.164162,654 
1490,0.126965,2012 
1491,0.853448,382 
1492,2.567514,51 
1493,0.206819,1064 
1494,0.279343,1397 
1495,16.55717,24 
1496,0.3432,2729 
1497,0.334843,1150 
1498,2.50232,190 
1499,0.577464,379 
1500,1.023191,246 
1501,0.233114,1624 
1502,1.460272,287 
1503,0.29256,618 
1504,0.003839,395781 
1505,3.555464,49 
1506,0.377892,3591 
1507,0.033121,6210 
1508,1.426082,395 
1509,0.175819,1967 
1510,0.154251,773 
1511,0.753433,160 
1512,0.561502,357 
1513,0.069394,2228 
1514,0.078266,2862 
1515,0.375878,648 
1516,0.310393,679 
1517,1.995969,77 
1518,2.483452,87 
1519,3.175431,62 
1520,0.420639,891 
1521,0.012791,27447 
1522,0.187361,1881 
1523,0.322926,304 
1524,2.062667,261 
1525,0.354976,288 
1526,0.083293,2611 
1527,0.678314,2457 
1528,0.075906,6489 
1529,0.791417,381 
1530,0.153129,3157 
1531,0.035782,2746 
1532,0.220015,411 
1533,0.082519,667 
1534,0.621156,209 
1535,0.108136,1926 
1536,1.18947,993 
1537,0.230727,869 
1538,0.427763,423 
1539,1.003012,86 
1540,6.958679,16 
1541,0.21308,400 
1542,0.089302,4386 
1543,0.168868,2746 
1544,0.641658,586 
1545,1.434998,227 
1546,0.060891,6239 
1547,0.118913,5806 
1548,4.536399,99 
1549,0.302233,433 
1550,0.013395,33740 
1551,0.239395,876 
1552,0.163852,2510 
1553,0.655403,652 
1554,0.433499,716 
1555,0.380627,520 
1556,2.46689,69 
1557,0.968814,439 
1558,0.171586,2100 
1559,0.797945,256 
1560,0.199902,996 
1561,0.15097,373 
1562,0.132105,1745 
1563,0.006423,37526 
1564,0.284003,992 
1565,0.022864,4011 
1566,0.208725,1123 
1567,2.228866,125 
1568,0.368545,384 
1569,0.045742,14090 
1570,0.72308,143 
1571,0.051221,9028 
1572,0.898961,325 
1573,0.520731,642 
1574,0.764328,478 
1575,1.444865,177 
1576,0.064553,5642 
1577,3.996327,94 
1578,0.432253,212 
1579,0.173666,377 
1580,0.202167,855 
1581,0.989548,183 
1582,0.319401,800 
1583,1.463831,53 
1584,1.053579,323 
1585,0.05184,11624 
1586,0.825102,473 
1587,0.832945,156 
1588,0.06249,1384 
1589,0.413848,791 
1590,2.455562,152 
1591,0.125135,2984 
1592,0.181631,476 
1593,0.530476,593 
1594,0.791645,761 
1595,1.714,126 
1596,5.010155,153 
1597,1.680683,264 
1598,2.701142,15 
1599,0.07493,1224 
1600,0.087729,986 
1601,0.053812,2556 
1602,0.681305,369 
1603,0.13236,416 
1604,0.625964,370 
1605,0.00706,18556 
1606,0.100706,1379 
1607,0.375839,300 
1608,0.052795,2357 
1609,0.0093,15636 
1610,1.073565,340 
1611,0.053162,4189 
1612,1.214386,787 
1613,1.140924,476 
1614,0.209945,1566 
1615,1.174057,281 
1616,0.068353,3047 
1617,0.27068,4815 
1618,0.967801,621 
1619,0.662771,773 
1620,0.209747,5303 
1621,1.283757,202 
1622,11.46389,25 
1623,1.781238,368 
1624,0.148405,2560 
1625,0.275891,1372 
1626,1.47199,156 
1627,0.163784,1720 
1628,1.097713,340 
1629,1.499374,232 
1630,2.379642,57 
1631,0.099781,512 
1632,0.689801,560 
1633,0.094493,4090 
1634,0.079467,7715 
1635,0.140603,2637 
1636,1.100762,296 
1637,0.07132,2020 
1638,0.257151,199 
1639,1.003927,365 
1640,0.004794,97563 
1641,0.476062,289 
1642,1.476222,439 
1643,0.426496,507 
1644,0.001302,807944 
1645,0.297075,970 
1646,0.573824,258 
1647,0.324649,468 
1648,0.000429,678286 
1649,0.546345,779 
1650,0.192717,1971 
1651,0.588688,507 
1652,0.121194,3632 
1653,0.614109,290 
1654,0.160794,253 
1655,1.841625,209 
1656,0.059593,13651 
1657,0.12512,1487 
1658,0.00863,94118 
1659,0.096704,4078 
1660,0.857097,315 
1661,1.185809,829 
1662,0.072402,11435 
1663,0.817686,429 
1664,0.13696,4476 
1665,0.055237,4980 
1666,0.751758,249 
1667,0.183347,1179 
1668,0.699543,567 
1669,0.123301,1498 
1670,1.643963,382 
1671,0.10633,2797 
1672,0.650685,346 
1673,0.021984,8879 
1674,0.025992,16077 
1675,0.310084,697 
1676,1.045431,54 
1677,0.094363,4442 
1678,0.09171,4714 
1679,0.1541,1964 
1680,0.115723,9147 
1681,0.148909,1443 
1682,0.115185,4049 
1683,0.033884,7268 
1684,0.162703,1071 
1685,0.269942,301 
1686,0.119484,2829 
1687,0.226928,970 
1688,1.91183,453 
1689,1.217664,39 
1690,0.051706,3598 
1691,0.002994,290944 
1692,0.0028,48657 
1693,1.143016,37 
1694,0.004042,197722 
1695,1.008236,502 
1696,0.096585,4923 
1697,0.280259,4380 
1698,0.592559,707 
1699,0.676795,368 
1700,8.286228,40 
1701,0.113628,1476 
1702,0.362604,918 
1703,1.066455,345 
1704,0.250111,4876 
1705,0.003496,69699 
1706,0.398097,865 
1707,0.964487,365 
1708,1.307488,648 
1709,2.098166,94 
1710,1.829706,107 
1711,0.338856,394 
1712,1.224715,198 
1713,3.260714,145 
1714,0.820555,5699 
1715,0.488953,391 
1716,0.305971,300 
1717,1.922249,114 
1718,1.276872,235 
1719,0.21537,1648 
1720,0.466798,143 
1721,0.234832,2120 
1722,1.394282,134 
1723,0.046322,2093 
1724,9.728824,9 
1725,0.213969,1273 
1726,0.216091,1661 
1727,33.42828,3 
1728,0.153267,2368 
1729,0.13788,1416 
1730,1.805922,295 
1731,0.074693,5069 
1732,0.957765,554 
1733,1.017441,760 
1734,0.551625,636 
1735,0.671819,1480 
1736,0.172505,744 
1737,0.408053,241 
1738,0.106286,1664 
1739,0.378313,184 
1740,1.641505,238 
1741,0.178853,974 
1742,0.003002,411512 
1743,1.435007,75 
1744,0.038716,1658 
1745,0.111273,3449 
1746,0.640892,380 
1747,0.257184,606 
1748,1.033705,476 
1749,0.394515,833 
1750,0.31846,2049 
1751,0.073142,1630 
1752,1.186107,52 
1753,0.141877,286 
1754,0.891629,145 
1755,0.370494,636 
1756,0.002849,1299054 
1757,2.758282,74 
1758,0.116201,519 
1759,0.23807,314 
1760,0.056942,10652 
1761,0.436658,1188 
1762,0.097353,3862 
1763,0.11943,3302 
1764,2.682637,130 
1765,0.895896,278 
1766,0.00431,911926 
1767,0.275876,423 
1768,0.616385,130 
1769,1.297176,7 
1770,0.106419,517 
1771,3.592803,207 
1772,0.105576,968 
1773,0.132269,3783 
1774,0.64525,562 
1775,1.094055,108 
1776,0.338823,1357 
1777,0.041955,5620 
1778,6.295874,44 
1779,0.009609,24812 
1780,1.296737,283 
1781,0.076739,4455 
1782,0.030066,20870 
1783,0.301359,526 
1784,1.937683,155 
1785,0.353183,512 
1786,0.023445,5643 
1787,0.655159,160 
1788,0.620242,838 
1789,0.035105,8172 
1790,0.280418,584 
1791,3.639098,104 
1792,0.434588,470 
1793,0.315488,3189 
1794,0.268171,1807 
1795,0.303445,2159 
1796,0.144778,995 
1797,3.373179,214 
1798,0.120168,3216 
1799,0.007133,167686 
1800,0.405301,213 
1801,0.054176,6142 
1802,0.315894,672 
1803,0.612939,690 
1804,1.143079,355 
1805,0.567704,766 
1806,0.290047,1337 
1807,0.08536,1872 
1808,0.358887,485 
1809,0.90852,261 
1810,0.271564,613 
1811,0.298876,526 
1812,0.571837,476 
1813,0.027746,8498 
1814,1.690018,341 
1815,0.055651,2425 
1816,1.133341,624 
1817,1.588478,176 
1818,0.003609,103439 
1819,2.177906,25 
1820,1.367522,111 
1821,0.367639,306 
1822,0.204668,870 
1823,0.041348,8998 
1824,0.193241,461 
1825,0.067848,9133 
1826,0.603201,300 
1827,0.050889,3218 
1828,0.051022,2157 
1829,0.208888,1536 
1830,0.593647,2727 
1831,0.592025,77 
1832,0.272663,3171 
1833,1.695431,141 
1834,0.148985,4115 
1835,1.830465,153 
1836,0.812443,190 
1837,0.250283,419 
1838,0.202199,596 
1839,1.556097,231 
1840,3.628174,83 
1841,0.244514,589 
1842,1.239228,33 
1843,0.376458,261 
1844,1.147126,263 
1845,0.118607,2032 
1846,0.091255,1938 
1847,0.202216,1827 
1848,1.130943,635 
1849,0.04059,18170 
1850,0.050443,4804 
1851,0.066138,2971 
1852,0.027327,9156 
1853,0.375835,199 
1854,0.065495,5520 
1855,0.049752,1238 
1856,0.199186,1414 
1857,0.164566,10348 
1858,0.088348,1379 
1859,0.698476,148 
1860,0.279218,901 
1861,0.671759,653 
1862,0.641025,255 
1863,0.441058,264 
1864,3.599142,27 
1865,0.435473,250 
1866,0.020784,134002 
1867,0.090713,1126 
1868,0.190433,1802 
1869,0.115604,1870 
1870,0.969846,123 
1871,16.03647,22 
1872,0.677171,273 
1873,2.32734,20 
1874,0.14911,3145 
1875,4.056625,11 
1876,0.350873,172 
1877,0.731004,613 
1878,0.565254,807 
1879,0.71417,451 
1880,0.180939,2375 
1881,0.438746,1105 
1882,0.297483,1317 
1883,0.462971,232 
1884,0.51031,157 
1885,0.147945,1178 
1886,0.940473,766 
1887,0.134935,1408 
1888,1.983417,120 
1889,0.109516,3158 
1890,0.076326,1682 
1891,0.040111,8818 
1892,0.276133,987 
1893,0.007441,16550 
1894,0.94777,314 
1895,0.656154,140 
1896,0.228221,1556 
1897,0.456428,531 
1898,0.885887,118 
1899,0.015427,1528 
1900,0.112537,1886 
1901,0.67472,62 
1902,0.830494,150 
1903,1.188854,72 
1904,0.059234,7807 
1905,0.063572,4327 
1906,0.190494,2304 
1907,0.616066,453 
1908,0.839939,296 
1909,0.413288,564 
1910,0.11923,2384 
1911,0.471916,514 
1912,0.267036,795 
1913,0.899869,140 
1914,0.453707,739 
1915,5.371935,71 
1916,0.004026,129513 
1917,0.372145,1320 
1918,0.854551,103 
1919,1.072549,144 
1920,0.150622,2470 
1921,0.958412,487 
1922,0.495725,674 
1923,0.087731,3464 
1924,0.154065,340 
1925,0.08277,1345 
1926,0.072517,4914 
1927,0.55656,231 
1928,0.018178,7206 
1929,0.444455,1382 
1930,0.58851,525 
1931,0.612995,778 
1932,0.336525,2733 
1933,0.197169,2339 
1934,0.675789,1051 
1935,0.3173,301 
1936,1.138339,112 
1937,3.731766,27 
1938,1.216791,448 
1939,1.597231,190 
1940,1.478266,202 
1941,0.47011,56 
1942,0.043257,2938 
1943,0.001589,86538 
1944,1.185293,128 
1945,0.923594,230 
1946,0.396312,479 
1947,0.243728,430 
1948,0.121214,1816 
1949,0.83363,212 
1950,1.147223,330 
1951,0.630091,239 
1952,3.306543,88 
1953,0.938904,399 
1954,1.724407,350 
1955,2.423967,52 
1956,0.646099,598 
1957,0.577248,213 
1958,0.282258,302 
1959,2.250222,187 
1960,0.260727,909 
1961,1.503589,335 
1962,0.094526,2883 
1963,0.839807,1304 
1964,0.549454,596 
1965,0.465275,203 
1966,1.457342,167 
1967,1.635656,120 
1968,1.16712,94 
1969,0.743179,226 
1970,0.48418,260 
1971,0.178934,3617 
1972,16.89381,35 
1973,0.165781,23303 
1974,0.709456,185 
1975,0.088839,3834 
1976,15.63097,18 
1977,0.003966,196203 
1978,1.507494,335 
1979,0.119032,484 
1980,0.215024,1261 
1981,0.284769,1288 
1982,0.158394,2820 
1983,0.089012,1987 
1984,0.145462,1369 
1985,1.879285,458 
1986,1.076691,153 
1987,0.345061,1192 
1988,0.311214,1044 
1989,0.098828,3433 
1990,0.070591,4955 
1991,0.075286,5777 
1992,0.833639,322 
1993,0.077171,2071 
1994,11.67052,67 
1995,9.821734,130 
1996,0.160398,5431 
1997,0.895835,493 
1998,1.871928,112 
1999,0.221913,490 
2000,0.129951,958 
2001,0.22936,291 
2002,0.139016,2648 
2003,1.791793,278 
2004,0.030849,11720 
2005,0.75067,335 
2006,0.484655,338 
2007,0.412581,279 
2008,0.149539,604 
2009,0.376012,1108 
2010,1.959987,175 
2011,0.803391,155 
2012,0.493942,231 
2013,0.862322,404 
2014,2.609141,200 
2015,1.239237,59 
2016,0.153972,1344 
2017,0.244281,1550 
2018,0.578991,362 
2019,0.564607,675 
2020,13.49041,28 
2021,2.094731,146 
2022,0.382562,1116 
2023,0.070458,6545 
2024,0.056515,2388 
2025,0.121218,3728 
2026,0.033691,2916 
2027,0.215059,889 
2028,0.422052,615 
2029,0.048547,6152 
2030,1.624013,73 
2031,0.072965,3932 
2032,42.05966,24 
2033,0.004446,83387 
2034,0.839654,170 
2035,0.706333,493 
2036,0.963869,113 
2037,1.705378,220 
2038,0.051735,2583 
2039,0.204747,384 
2040,0.113617,2583 
2041,0.007271,14413 
2042,2.881982,120 
2043,0.211606,613 
2044,0.055054,2879 
2045,0.178467,345 
2046,0.097804,1581 
2047,0.108986,433 
2048,0.075228,9142 
2049,0.157163,842 
2050,0.000489,1507581 
2051,1.447495,122 
2052,0.640865,3168 
2053,0.120375,3831 
2054,0.14234,773 
2055,0.993038,445 
2056,0.189849,1277 
2057,1.55599,108 
2058,0.15238,2132 
2059,0.386389,610 
2060,0.430564,1041 
2061,0.63493,650 
2062,0.310978,1116 
2063,0.919512,148 
2064,15.45053,48 
2065,0.66198,497 
2066,0.521639,98 
2067,2.198527,42 
2068,0.861445,137 
2069,0.18038,1089 
2070,0.101563,4076 
2071,2.165978,210 
2072,0.992639,465 
2073,0.197339,810 
2074,1.361837,27 
2075,0.288152,227 
2076,0.044702,17437 
2077,1.307501,121 
2078,0.461181,790 
2079,0.229213,812 
2080,0.095293,4179 
2081,0.255932,1536 
2082,1.760238,365 
2083,0.154077,2389 
2084,0.067571,3044 
2085,0.268487,976 
2086,0.932837,284 
2087,0.059944,2579 
2088,0.868329,189 
2089,0.928417,200 
2090,0.718669,419 
2091,0.585755,736 
2092,3.057185,145 
2093,0.040023,818 
2094,1.53864,76 
2095,0.065486,3441 
2096,0.215601,419 
2097,1.620905,101 
2098,3.223286,118 
2099,2.456949,52 
2100,0.242375,368 
2101,0.009446,226880 
2102,0.016339,7857 
2103,0.213033,707 
2104,0.133854,783 
2105,0.128322,510 
2106,0.510163,298 
2107,0.067113,13273 
2108,0.478183,162 
2109,0.011078,23295 
2110,0.006648,20296 
2111,0.436198,2096 
2112,0.287968,259 
2113,0.35189,1217 
2114,0.217281,1568 
2115,0.870305,382 
2116,20.06023,2 
2117,2.820932,315 
2118,4.776192,244 
2119,0.025196,4315 
2120,0.193816,1419 
2121,1.13541,138 
2122,0.102328,2138 
2123,0.084153,2724 
2124,0.454976,487 
2125,0.040849,8114 
2126,1.678458,203 
2127,0.306983,1762 
2128,0.274099,1601 
2129,1.607803,583 
2130,0.128188,6745 
2131,1.601682,98 
2132,0.304023,1474 
2133,1.580975,69 
2134,1.536389,83 
2135,0.062774,8473 
2136,0.57182,279 
2137,0.070212,2407 
2138,0.09068,1286 
2139,0.018823,7099 
2140,0.178738,623 
2141,0.080685,1137 
2142,0.642214,887 
2143,0.407013,946 
2144,0.184043,1267 
2145,1.912136,192 
2146,0.272227,760 
2147,0.408224,273 
2148,0.592803,190 
2149,1.361385,97 
2150,0.362266,814 
2151,0.199553,453 
2152,2.10682,126 
2153,0.36941,461 
2154,0.399666,1046 
2155,24.11893,15 
2156,0.091704,1243 
2157,0.823501,778 
2158,0.434836,30 
2159,0.185898,190 
2160,20.77352,34 
2161,1.427943,127 
2162,0.144173,5270 
2163,0.958918,72 
2164,0.3585,172 
2165,0.389008,242 
2166,0.132458,1019 
2167,0.373092,312 
2168,0.135309,368 
2169,0.092677,2403 
2170,0.409593,1852 
2171,0.82124,121 
2172,0.071003,1605 
2173,2.877336,116 
2174,0.243591,1441 
2175,0.060815,3813 
2176,5.375273,48 
2177,0.282389,227 
2178,0.297763,273 
2179,0.156863,418 
2180,0.292299,305 
2181,0.218128,943 
2182,0.563532,721 
2183,0.520005,650 
2184,0.84544,214 
2185,0.134989,2300 
2186,0.384882,633 
2187,0.143887,3232 
2188,0.041239,2859 
2189,0.050022,5290 
2190,0.220531,743 
2191,0.038114,2372 
2192,0.962369,208 
2193,1.276292,155 
2194,11.90106,29 
2195,0.305724,681 
2196,1.524083,291 
2197,0.445335,756 
2198,0.367269,271 
2199,0.022426,8821 
2200,0.536767,483 
2201,1.00735,640 
2202,0.514774,267 
2203,0.139715,731 
2204,0.555744,566 
2205,0.842223,163 
2206,1.254861,52 
2207,0.004352,743490 
2208,0.720444,495 
2209,0.8521,141 
2210,0.179307,314 
2211,0.169004,1310 
2212,0.906418,293 
2213,0.09716,20642 
2214,0.874818,3220 
2215,0.373982,375 
2216,0.537067,642 
2217,0.203945,2325 
2218,3.046889,40 
2219,0.180325,9807 
2220,0.11998,39809 
2221,4.683744,18 
2222,0.713102,40 
2223,0.585544,689 
2224,0.983327,121 
2225,3.713415,17 
2226,0.230967,199 
2227,3.101888,41 
2228,0.748234,205 
2229,0.168346,576 
2230,0.121398,2903 
2231,0.218551,300 
2232,0.124114,2396 
2233,3.677709,79 
2234,0.285832,137 
2235,0.127181,6046 
2236,0.682875,437 
2237,0.125214,2302 
2238,0.551112,768 
2239,0.395608,695 
2240,0.369486,805 
2241,0.337528,916 
2242,0.485123,716 
2243,0.670932,832 
2244,0.075244,10968 
2245,0.999318,367 
2246,1.052852,623 
2247,0.196929,1976 
2248,0.03719,1937 
2249,0.070304,5869 
2250,0.168143,740 
2251,1.184442,98 
2252,1.169251,86 
2253,0.83428,110 
2254,1.147483,138 
2255,0.675476,145 
2256,0.034207,5400 
2257,1.340257,85 
2258,0.606905,658 
2259,0.656987,227 
2260,0.087039,9858 
2261,0.473569,194 
2262,0.377403,677 
2263,1.07579,136 
2264,0.697272,487 
2265,0.217679,2148 
2266,13.53439,19 
2267,0.10955,1758 
2268,1.636362,74 
2269,0.0969,3893 
2270,2.273429,259 
2271,1.832687,86 
2272,0.111696,1689 
2273,2.844604,50 
2274,0.340388,916 
2275,0.649747,633 
2276,0.944756,118 
2277,0.502384,282 
2278,0.078319,1472 
2279,0.136869,1531 
2280,0.145532,468 
2281,0.768638,140 
2282,0.723449,1412 
2283,1.794273,330 
2284,0.201954,396 
2285,0.030886,5556 
2286,1.042221,199 
2287,0.046471,4708 
2288,0.059204,3408 
2289,2.111726,71 
2290,1.265181,567 
2291,0.584759,529 
2292,1.024971,281 
2293,0.160136,2127 
2294,0.184268,1251 
2295,0.093019,4436 
2296,0.443117,254 
2297,0.353262,311 
2298,0.28552,500 
2299,0.969605,240 
2300,3.638064,43 
2301,0.703716,216 
2302,1.37025,137 
2303,0.31132,231 
2304,0.36559,279 
2305,0.073289,5166 
2306,0.327962,935 
2307,0.143917,2239 
2308,0.707799,485 
2309,0.072201,4971 
2310,3.261847,108 
2311,0.56342,146 
2312,0.310271,988 
2313,1.387479,136 
2314,0.113096,3521 
2315,0.246673,1168 
2316,0.094792,3469 
2317,1.792114,394 
2318,0.083383,2090 
2319,0.213907,1249 
2320,0.52337,746 
2321,2.08806,186 
2322,1.122228,278 
2323,0.554601,624 
2324,0.131239,2875 
2325,1.753058,133 
2326,0.301499,434 
2327,0.218271,372 
2328,0.073872,4788 
2329,2.393503,22 
2330,0.212422,512 
2331,0.446911,566 
2332,0.45767,401 
2333,0.065024,4654 
2334,0.231193,1133 
2335,0.342425,562 
2336,0.329763,2034 
2337,0.03779,4714 
2338,0.239051,882 
2339,0.002543,112803 
2340,0.050431,2208 
2341,0.107098,1248 
2342,1.007555,337 
2343,0.509905,547 
2344,0.065431,8629 
2345,1.799381,98 
2346,0.06089,3873 
2347,0.507244,263 
2348,0.759625,185 
2349,0.524616,215 
2350,0.787322,285 
2351,0.207939,2274 
2352,0.230904,2110 
2353,0.060457,6392 
2354,0.256604,2527 
2355,0.28935,204 
2356,0.442405,343 
2357,0.116541,1652 
2358,0.034172,8626 
2359,1.692225,202 
2360,0.637988,84 
2361,0.524046,1712 
2362,0.477226,1032 
2363,3.681162,44 
2364,0.11965,3854 
2365,0.182577,1729 
2366,0.091845,1483 
2367,0.281286,233 
2368,0.026906,6573 
2369,2.59178,395 
2370,0.684503,144 
2371,0.836488,291 
2372,1.075394,58 
2373,0.209753,637 
2374,0.004019,93224 
2375,0.807021,398 
2376,0.359229,799 
2377,0.972543,67 
2378,0.70538,126 
2379,0.680219,356 
2380,1.480525,305 
2381,0.117252,1464 
2382,1.020441,335 
2383,0.034797,8019 
2384,0.856276,301 
2385,0.914191,539 
2386,0.215757,2313 
2387,0.474113,862 
2388,0.079859,2953 
2389,2.381026,100 
2390,0.712784,305 
2391,2.580988,63 
2392,0.529616,186 
2393,1.3471,55 
2394,0.050583,2253 
2395,0.056056,5842 
2396,0.764417,96 
2397,0.376665,424 
2398,0.7521,152 
2399,0.069885,4630 
2400,0.155607,522 
2401,13.34239,12 
2402,0.136625,2512 
2403,0.450983,761 
2404,0.09434,2569 
2405,0.321389,1484 
2406,0.39466,232 
2407,3.842107,27 
2408,0.502675,362 
2409,0.027577,8551 
2410,0.09677,677 
2411,2.357506,56 
2412,0.854465,247 
2413,1.581292,123 
2414,1.718713,96 
2415,0.078483,1736 
2416,0.090469,1955 
2417,0.014342,13884 
2418,0.176165,2082 
2419,0.182284,632 
2420,0.21346,1872 
2421,3.981138,322 
2422,0.19349,752 
2423,0.153054,514 
2424,0.107385,3233 
2425,0.810545,604 
2426,2.043114,194 
2427,1.56547,207 
2428,0.092948,2988 
2429,0.140882,1358 
2430,0.303773,423 
2431,0.166297,2426 
2432,0.077061,4420 
2433,0.252452,623 
2434,0.219517,471 
2435,0.790684,250 
2436,0.904401,197 
2437,79.27831,17 
2438,0.129167,3174 
2439,0.031702,4959 
2440,16.75169,14 
2441,0.07904,1906 
2442,1.300031,394 
2443,3.587522,121 
2444,0.745366,313 
2445,8.833915,24 
2446,1.400234,42 
2447,1.556069,185 
2448,0.013102,120681 
2449,0.21747,1241 
2450,0.092473,3527 
2451,0.089272,1247 
2452,0.427919,269 
2453,0.431208,279 
2454,0.259345,253 
2455,0.165085,2515 
2456,0.25529,323 
2457,1.873665,83 
2458,1.492411,210 
2459,0.415612,1059 
2460,0.397101,567 
2461,0.948181,54 
2462,0.238594,3981 
2463,0.906524,184 
2464,0.495576,510 
2465,0.132806,454 
2466,0.403602,2447 
2467,0.084569,1007 
2468,2.119042,249 
2469,0.341109,119 
2470,87.81469,1 
2471,0.005104,465826 
2472,1.996374,89 
2473,0.583093,191 
2474,1.586498,222 
2475,0.92519,125 
2476,1.317299,85 
2477,0.18596,599 
2478,0.294326,258 
2479,0.145375,2100 
2480,0.0506,3935 
2482,0.887832,143 
2483,1.160907,212 
2484,0.262852,249 
2485,0.130336,985 
2486,2.694603,138 
2487,0.001421,2566982 
2488,0.915638,226 
2489,0.147434,2621 
2490,0.96541,965 
2491,1.046684,113 
2492,0.363906,241 
2493,0.764148,283 
2494,1.254116,55 
2495,0.632338,95 
2496,0.69369,96 
2497,0.225074,471 
2498,2.094752,66 
2499,3.649635,14 
2500,0.082323,812 
2501,0.492066,99 
2502,1.173037,219 
2503,2.167615,32 
2504,0.776742,113 
2505,0.037783,714758 
2506,0.420688,1635 
2507,1.10527,180 
2508,2.463776,152 
2509,0.027021,4945 
2510,0.359616,1158 
2511,0.09352,2731 
2512,0.2572,815 
2513,1.051634,151 
2514,0.042028,23720 
2515,1.009047,493 
2516,0.179213,7916 
2517,0.255474,1467 
2518,0.379244,1005 
2519,0.483622,125 
2520,0.426243,129 
2521,3.132747,64 
2522,0.486272,202 
2523,0.805971,610 
2524,0.149146,1019 
2525,0.918616,140 
2526,0.190091,296 
2527,0.980323,168 
2528,0.383429,232 
2529,0.061345,876 
2530,0.105729,632 
2531,3.232873,76 
2532,1.473525,58 
2533,2.852406,40 
2534,0.414883,193 
2535,0.022221,21223 
2536,4.915012,106 
2537,2.787768,52 
2538,0.953868,202 
2539,0.463969,184 
2540,0.92368,201 
2541,0.777402,8 
2542,0.113848,1507 
2543,0.069724,1184 
2544,0.107848,2320 
2545,1.425179,304 
2546,0.143337,457 
2547,5.232363,66 
2548,3.434213,44 
2549,0.297106,331 
2550,0.671496,406 
2551,0.136644,2349 
2552,0.060154,3811 
2553,1.326467,103 
2554,0.196574,2053 
2555,1.126986,76 
2556,0.107605,10920 
2557,0.069837,6715 
2558,0.779893,141 
2559,0.047314,12293 
2560,2.392461,50 
2561,0.651958,790 
2562,2.315981,53 
2563,0.075091,628 
2564,1.022725,894 
2565,0.776025,650 
2566,0.174611,593 
2567,0.261875,690 
2568,0.418863,263 
2569,0.041197,1336 
2570,1.779224,229 
2571,1.137928,380 
2572,0.013133,13766 
2573,0.100776,1859 
2574,0.272751,432 
2575,0.78796,90 
2576,0.168224,623 
2577,3.743224,62 
2578,1.758358,84 
2579,2.878728,67 
2580,0.817016,399 
2581,0.064137,4616 
2582,0.3614,261 
2583,1.287817,98 
2584,0.224453,23025 
2585,1.817771,185 
2586,0.099303,1359 
2587,0.389192,488 
2588,0.463331,399 
2589,0.494631,744 
2590,1.039028,264 
2591,0.723884,309 
2592,2.089344,209 
2593,0.232619,743 
2594,0.360832,116 
2595,0.602246,402 
2596,0.455435,690 
2597,0.025965,3279 
2598,0.693044,601 
2599,1.367644,160 
2600,1.055209,269 
2601,1.664461,46 
2602,8.253305,22 
2603,0.740957,71 
2604,0.134767,943 
2605,0.616841,1032 
2606,0.642227,569 
2607,0.107948,898 
2608,3.058864,74 
2609,0.323683,1534 
2610,0.134204,3602 
2611,0.0646,608 
2612,0.823793,716 
2613,0.492447,1192 
2614,1.283529,531 
2615,0.340886,327 
2616,1.25106,153 
2617,0.33899,1140 
2618,1.173511,507 
2619,2.473209,85 
2620,0.853923,345 
2621,0.116611,2090 
2622,0.183865,363 
2623,0.257907,1519 
2624,0.205505,822 
2625,0.710439,395 
2626,0.111546,4005 
2627,0.199502,2489 
2628,1.087998,414 
2629,2.034732,109 
2630,0.118365,1295 
2631,0.293106,2561 
2632,2.679654,76 
2633,0.48435,541 
2634,0.435253,3527 
2635,0.032202,11635 
2636,0.267011,1025 
2637,0.225199,1146 
2638,0.24597,612 
2639,0.485173,221 
2640,0.077002,2127 
2641,0.119421,2567 
2642,0.200293,2943 
2643,0.106152,6294 
2644,1.451179,150 
2645,0.044438,3479 
2646,0.182868,4477 
2647,0.902373,42 
2648,3.080059,85 
2649,0.022056,16868 
2650,0.041546,6243 
2651,2.359192,143 
2652,0.749724,278 
2653,0.937722,193 
2654,0.367332,103 
2655,0.505251,552 
2656,0.2931,1859 
2657,0.673042,487 
2658,0.091317,3199 
2659,0.004653,153443 
2660,0.119882,1421 
2661,0.258336,867 
2662,0.736281,82 
2663,0.074526,4676 
2664,0.126827,2210 
2665,0.086547,4556 
2666,0.327541,544 
2667,0.179228,1053 
2668,1.069797,808 
2669,0.075179,1847 
2670,0.86449,333 
2671,0.021793,3607 
2672,0.171636,1214 
2673,0.574802,864 
2674,0.043538,3250 
2675,0.323161,2675 
2676,0.990213,222 
2677,0.408085,234 
2678,0.174982,651 
2679,0.662159,554 
2680,0.144271,1271 
2681,0.363702,317 
2682,0.351737,1110 
2683,0.109215,3095 
2684,0.444603,212 
2685,0.429094,833 
2686,0.890495,140 
2687,1.098618,161 
2688,0.196804,446 
2689,1.420859,77 
2690,0.141033,557 
2691,0.588894,131 
2692,0.368466,572 
2693,0.126315,716 
2694,0.121065,2359 
2695,0.171444,1704 
2696,1.630104,141 
2697,1.046152,249 
2698,0.230823,1249 
2699,1.403946,224 
2700,0.074068,4793 
2701,0.077901,2035 
2702,0.546004,1711 
2703,1.162217,839 
2704,0.092543,3440 
2705,0.135024,3134 
2706,0.354807,251 
2707,0.593265,488 
2708,4.143312,73 
2709,0.121716,3024 
2710,0.717714,350 
2711,0.222801,370 
2712,0.078879,1827 
2713,0.133779,989 
2714,1.511677,48 
2715,1.182183,259 
2716,0.000157,2581671 
2717,0.21737,1748 
2718,0.690204,313 
2719,1.03029,493 
2720,10.81422,7 
2721,1.474023,48 
2722,0.213068,4630 
2723,0.354213,2973 
2724,4.907705,66 
2725,0.418006,1401 
2726,0.068008,6742 
2727,0.116228,9355 