1,17883,127
2,9779,126
3,8469,79
4,13958,140
5,5192,1078
6,18468,96
7,7767,69
8,51324,291
9,37797,124
10,8951,4465
11,24158,189
12,3495,421
13,5215,114
14,51359,182
15,-4150,47
16,18155,95
17,18927,178
18,36131,279
19,19989,14
20,36932,71
21,21103,80
22,31821,118
23,10642,429
24,14387,64
25,2388,317
26,8205,74
27,25064,245
28,24166,240
29,74416,497
30,18315,241
31,3478,217
32,8855,118
33,4173,968
34,-121245,313778
35,23043,228
36,25288,247
37,1914,387
38,56487,491
39,21044,296
40,22106,143
41,8624,160
42,11605,257
43,3193,72
44,15981,219
45,21388,1600
46,6186,415
47,24939,70
48,9493,375
49,57112,160
50,16192,471
51,6926,466
52,8725,386
53,5338,138
54,39177,203
55,12533,93
56,5188,116
57,11821,242
58,7147,285
59,13700,1950
60,797,34
61,1683,42
62,38040,4608
63,2006,163
64,21283,140
65,4637,30
66,19907,149
67,1296,44
68,11912,58
69,81,2
70,8755,54
71,82,773
72,9527,237
73,20419,547
74,38293,1834
75,44002,136
76,8976,54
77,17322,347
78,35392,322
79,4109,28
80,22027,85
81,16401,105
82,8807,57
83,20150,231
84,12853,46
85,5682,334
86,27738,595
87,17017,131
88,63060,173
89,65236,182
90,13963,65
91,78120,1883
92,6769,362
93,20887,125
94,608,44
95,37980,212
96,13341,488
97,35714,118
98,11275,103
99,17416,225
100,2519,13
101,11510,86
102,400,1299
103,21130,315
104,-765,201
105,196,114
106,1139400,1015134
107,28770,225
108,415175,365468
109,959229,1238947
110,1873611,35430
111,-12853,207
112,-191259,477040
113,1872,9
114,706118,7145
115,65355,714
116,-344,419
117,-113871,360
118,124700,274
119,548,26
120,51150,12
121,-364655,9573
122,559158,801
123,24008,15975
124,34726,152
125,73319,2116
126,40496,975
127,606606,82914
128,43926,120
129,897172,1087
130,1251408,460
131,667,249
132,491,177
133,66257,538
134,74417,2202
135,27251,290107
136,15544,1316
137,4169,8017
138,56201,1334
139,20993,827
140,20754,90
141,43111,518
142,25468,1025
143,80069,1227
144,58023,2078
145,4410,177
146,598370,1999
147,88104,1032
148,1438,559
149,14133,1814
150,718581,2807
151,29187,219
152,292,649
153,570856,2332
154,42206,791
155,22411,566
156,164588,973
157,20026,266
158,155309,359
159,516193,2215
160,18695,99
161,861814,25367
162,191790,125011
163,61329,199
164,168812,10991
165,132612,10437
166,134233,584
167,58537,486
168,128436,251
169,94152,7448
170,21304,973
171,34687,108
172,138656,775
173,184845,27973
174,375719,288
175,23649,1956
176,178509,11175
177,45893,232
178,23066,2149
179,189876,2093
180,12685,51
181,81211,3700
182,26289,283
183,832464,1182336
184,3028,53
185,50013,638
186,332751,4056
187,102110,1979
188,55976,1116
189,38429,6867
190,51149,2023
191,6492,165
192,46278,5334
193,50568,3156
194,33117,24
195,55413,7302
196,52850,3555
197,131057,9242
198,84067,2668
199,111389,4432
200,83294,3000
201,36364,176
202,16722,383
203,45708,587
204,25832,177
205,1867,1229
206,97604,311
207,3875,47
208,20833,6681
209,116995,1205
210,47983,876
211,47049,591
212,60414,483
213,27714,162
214,7690,30
215,22453,64
216,102292,34861
217,-2219,10
218,37156,754
219,13142,99
220,4721,143
221,22897,159
222,16882,129
223,11223,83
224,54,157
225,68099,167
226,14660,114
227,9707,198
228,3251,61
229,9315,118
230,5243,51
231,11440,76
232,15991,61
233,14911,60
234,53560,69
235,8938,178
236,63059,148
237,16184,138
238,-5026,70
239,172531,1644
240,44372,401
241,98099,26
242,9083,88
243,22135,281
244,328824,1578
245,14058,306
246,15964,818
247,35919,71
248,44964,714
249,236,22
250,3062,71
251,14128,1422
252,15150,102
253,8517,333
254,32894,429
255,106227,278
256,18583,394
257,4093,138
258,20488,1748
259,16762,117
260,-3150,9318
261,3910,1423
262,49384,457
263,16062,152
264,15324,209
265,1947,8
266,9320,49
267,767,16
268,41891,44
269,9266,393
270,191271,5813
271,12123,468
272,36477,2537
273,80403,1667
274,9474,374
275,42166,71
276,12066,160
277,66974,11191
278,39339,721
279,-5324,401
280,335040,2507
281,7020,236
282,15653,278
283,9675,354
284,18850,959
285,102431,275
286,28682,418
287,32443,2207
288,22614,56
289,21987,391
290,156749,241
291,12843,173
292,17796,141
293,42709,197
294,39929,242
295,84912,507
296,58913,143
297,3969,118
298,29201,109
299,20438,328
300,20648,2258
301,35050,67
302,33118,284
303,43196,19
304,9235,278
305,21288,630
306,14623,230
307,172719,24
308,125057,2162
309,11278,53
310,231034,5092
311,7351,154
312,28767,192
313,25313,237
314,124999,862
315,11042,423
316,13356,520
317,28763,577
318,576154,354
319,8798,45
320,10708,334
321,32430,131
322,17080,18546
323,38925,259
324,49054,426
325,18216,562
326,317,59
327,13694,5736
328,48303,879
329,10383,119
330,9334,135
331,76760,638
332,15277,473
333,24805,296
334,27749,118
335,286817,8562
336,30058,308
337,20974,109
338,360798,246
339,9661,29
340,11803,62
341,65617,613
342,34056,267
343,8810,43
344,13588,168
345,21636,1551
346,11495,268
347,1376,833
348,20442,327
349,21913,931
350,35362,271
351,3329,111
352,31226,142
353,16218,296
354,13790,288
355,9393,369
356,80429,495
357,248212,1601
358,45803,459
359,392549,4066
360,3490,187
361,30197,202
362,14017,155
363,8224,158
364,48261,206
365,9956,61
366,38229,338
367,14762,54
368,14419,584
369,74875,4653
370,18892,245
371,22540,891
372,17505,313
373,344,1739
374,29361,60
375,11354,357
376,18747,153
377,25997,276
378,3475,101
379,16596,449
380,23872,1209
381,51334,657
382,91862,374
383,13535,296
384,3587,27
385,33575,173
386,35871,105
387,10010,141
388,30605,2672
389,-2016,120
390,92830,5252
391,15917,57
392,14868,71
393,12774,55
394,63897,535
395,8536,241
396,21101,389
397,9424,66
398,36329,1519
399,2361,89
400,78832,835
401,29614,259
402,11050,109
403,41864,303
404,204055,380
405,71298,402
406,10780,185
407,97049,973
408,-1565,2228
409,32208,190
410,34254,138
411,50393,1512
412,8609,54
413,30779,880
414,41033,636
415,311552,345
416,8983,1401
417,31247,349
418,22140,407
419,33731,397
420,110063,212
421,101924,4626
422,1789,495
423,286172,15921
424,31201,1817
425,25504,206
426,34822,891
427,10087,69
428,25502,2085
429,17538,244
430,17932,95
431,36141,519
432,15439,158
433,37441,182
434,39150,352
435,39473,369
436,15790,178
437,14135,219
438,41928,244
439,9736,146
440,217640,380
441,30511,189
442,12631,165
443,601,87
444,-9173,146
445,25078,99
446,39228,120
447,107182,1419
448,111023,493
449,104659,4398
450,17261,335
451,18409,303
452,28191,279
453,26742,260
454,26568,260
455,24093,1315
456,10213,45
457,27806,272
458,29535,295
459,448,25
460,817,40
461,201760,450
462,23135,221
463,35024,421
464,105,130
465,9472,618
466,12683,529
467,15868,143
468,-7217,1284
469,-4957,1851
470,38767,273
471,24439,119
472,14101,182
473,21670,296
474,63199,441
475,11453,202
476,8730,358
477,2817,401
478,5851,210
479,19904,34
480,-169,3
481,28763,143
482,15902,282
483,15572,381
484,34353,701
485,33384,391
486,27162,125
487,8277,37
488,43625,130
489,43894,221
490,15559,354
491,8369,519
492,34059,1527
493,24790,155
494,90701,1270
495,13146,45
496,25146,320
497,3175,149
498,15305,281
499,72792,23
500,16728,429
501,38355,232
502,29738,1706
503,12359,59
504,22650,62
505,6807,254
506,13140,1470
507,79921,129
508,8392,192
509,12551,493
510,26573,228
511,19968,675
512,60369,321
513,51382,167
514,6881,101
515,11935,88
516,88625,375
517,24291,488
518,48619,285
519,10226,16493
520,9608,1783
521,18016,233
522,112211,333
523,30144,255
524,7358,563
525,10564,128
526,67319,3076
527,5654,11
528,2512,251
529,2039,631
530,27509,60
531,20606,80
532,15100,128
533,30916,707
534,19401,396
535,18695,128
536,7954,289
537,12926,177
538,18440,752
539,5671,93
540,2442,1385
541,-514,1435
542,36661,172
543,26279,93
544,30895,172
545,11850,248
546,4396,29
547,18159,135
548,31766,170
549,75173,416
550,75190,4632
551,16610,119
552,-108,99
553,31609,301
554,7655,4786
555,33727,81
556,21704,187
557,10614,511
558,7355,81
559,37679,1209
560,21519,402
561,50497,189
562,40955,91
563,11119,77
564,9364,1729
565,12366,399
566,30942,220
567,8452,49
568,33688,295
569,29259,195
570,35022,311
571,4134,51
572,36302,1337
573,13175,1515
574,34461,71
575,3363,133
576,76245,519
577,32173,480
578,14427,157
579,116787,418
580,169021,327
581,11903,55
582,500,4125
583,67617,233
584,6872,161
585,36094,165
586,36450,667
587,-4392,185
588,15485,279
589,33577,732
590,11953,134
591,36674,145
592,9126,94
593,9331,392
594,26668,49
595,1393,98
596,2157,1244
597,19715,423
598,168171,1266
599,33680,325
600,33076,325
601,12785,8602
602,9674,77
603,7178,177
604,66725,1552
605,13680,98
606,2588,66
607,53758,1278
608,14166,279
609,17484,317
610,12073,117
611,17696,143
612,9669,264
613,15393,47
614,7822,40
615,29087,2862
616,11131,376
617,39899,4214
618,23333,235
619,25665,140
620,10089,45
621,15445,91
622,7208,128
623,31400,256
624,12525,115
625,52375,5461
626,8573,67
627,33240,1420
628,22619,1039
629,54338,409
630,85001,20506
631,10440,424
632,21333,45
633,21808,104
634,76225,2448
635,-68346,146
636,21231,384
637,8026,541
638,23926,767
639,20404,370
640,9133,149
641,4444,187
642,4346,35
643,8894,72
644,48722,682
645,19695,591
646,391449,5531
647,29935,308
648,78504,1354
649,31250,465
650,8643,67
651,5725,49
652,9167,617
654,13102,40
655,47210,1447
656,1898,384
657,-1727,27
658,-1069,93
659,-7629,17029
660,860621,4309
661,4201,62
662,833,122
663,168224,10865
664,9559,1152
665,1305215,1302409
666,9495,334
667,701946,11884
668,219548,785
669,-265,120
670,5505,19
671,934713,2712
672,59189,167
673,4010,27
674,1166,24
675,173767,2102
676,-169,853
677,-1585,108
678,48943,827
679,49187,377
680,20501,81
681,26668,286
682,27610,850
683,26923,182
684,19309,1187
685,133053,2942
686,41394,2647
687,10326,1462
688,128598,638
689,368215,26911
690,34206,471
691,-14049,104
692,25211,1133
693,66672,5180
694,129919,2133
695,43016,2081
696,104398,2872
697,46436,413
698,99608,2754
699,7144,227
700,144781,381
701,47231,2697
702,30097,386
703,17442,262
704,117111,838
705,16101,145
706,50738,439
707,12740,332
708,39091,170
709,20616,96
710,24805,179
711,92761,1061
712,56515,3799
713,36330,1103
714,348,25
715,51747,877
716,26758,335
717,14303,330
718,38210,525
719,69875,3701
720,41411,529
721,23486,598
722,46794,318
723,19219,113
724,40399,450
725,35579,4237
726,87697,1988
727,190296,378
728,29882,106
729,35667,551
730,36164,1333
731,119,27
732,18,7
733,39328,603
734,21782,1259
735,39893,729
736,22775,643
737,4208,77
738,51872,273
739,9,502
740,19653,144
741,22479,310
742,46729,620
743,56496,648
744,22158,574
745,25041,249
746,130602,1323
747,117457,164
748,44589,932
749,191743,359
750,911,2327
751,393,39
752,9900,103
753,82183,37
754,23790,520
755,47169,860
756,23803,675
757,27683,778
758,51258,3874
759,37342,88
760,12103,370
761,62131,531
762,87010,1178
763,24328,737
764,39401,611
765,9740,155
766,34194,2697
767,44215,1345
768,69302,482
769,337184,535
770,794,16
771,258806,547
772,15251,397
773,103137,431
774,6778,16
775,23225,635
776,72244,660
777,122846,498
778,19487,1076
779,48665,264
780,556910,150
781,40765,101
782,161301,704
783,18166,279
784,-672,667
785,138929,3901
786,12212,91
787,3394,26
788,108660,470
789,230963,2967
790,186486,2963
791,24162,769
792,-19,16
793,20215,166
794,48739,338
795,653,46
796,55944,527
797,45109,184
798,417,189
799,14699,475
800,101231,615
801,39003,759
802,8541,845
803,76459,1742
804,45679,1232
805,5711,2201
806,43754,3598
807,48281,3746
808,27014,526
809,19737,51
810,497,71
811,79410,175
812,15829,1364
813,142601,446
814,58944,1791
815,36270,221
816,70735,58
817,-38290,108
818,71920,1221
819,667957,10467
820,163067,404
821,41742,763
822,-6299,1351
823,4235,851
824,17497,135
825,34795,540
826,39285,719
827,28493,283
828,82230,278
829,118633,81
830,46022,838
831,118425,347
832,51085,28
833,23562,429
834,123173,357
835,13188,125
836,25962,258
837,40902,1325
838,17626,443
839,357793,1712
840,113021,3943
841,22561,514
842,100860,5352
843,49295,239
844,119657,4317
845,9763,71
846,216713,200
847,15648,293
848,12035,456
849,86463,4833
850,4621,1519
851,30414,113
852,178866,114
853,783,1439
854,20901,177
855,39656,113
856,5015,16
857,6665,251
858,83148,234
859,44978,113
860,22513,303
861,26121,266
862,21277,210
863,43332,54
864,14207,1359
865,3745,67
866,7918,1109
867,27174,1015
868,18737,120
869,7910,1988
870,24278,1669
871,1164,232
872,17879,175
873,17940,83
874,70066,74
875,369120,1448
876,16727,109
877,97901,278
878,84370,4969
879,37398,2260
880,79360,4874
881,47334,1881
882,97439,4754
883,49379,877
884,53256,1350
885,77875,458
886,214534,1034826
887,32775,778
888,57281,1166
889,-1245,60
890,21526,227
891,175107,796
892,34698,86
893,60396,305
894,29186,783
895,42501,3064
896,32501,62
897,49356,904
898,102561,269
899,243971,177
900,33006,2536
901,12165,54
902,10955,91
903,405161,14942
904,34553,170
905,59920,753
906,101705,7637
907,180078,2362
908,81915,139
909,41702,2805
910,35270,182
911,24964,1630
912,431201,714
913,35199,1652
914,21659,86
915,39839,177
916,44835,252
917,11636,234
918,13229,1921
919,29053,1421
920,96111,748
921,60133,1054
922,93685,3365
923,55121,224
924,4339,1220
925,510623,605005
926,27267,300
927,113520,409
928,57002,301
929,23552,192
930,68577,3029
931,73992,359
932,98493,2088
933,57899,955
934,37908,690
935,21165,323
936,97137,364
937,13341,540
938,9989,129
939,58128,219
940,38737,150
941,15806,187
942,65009,2725
943,2507,51
944,23909,141
945,5578,774
946,49846,1956
947,46617,3566
948,33163,615
949,18665,65
950,132944,2826
951,61275,376
952,82156,114
953,75515,567
954,43957,2585
955,27475,398
956,78551,485
957,54325,3299
958,255893,1872
959,21299,604
960,61264,189
961,47141,80
962,375539,1162
963,17720,283
964,86813,583
965,23011,281
966,23602,146
967,48684,217
968,41391,177
969,14849,1302
970,667,40
971,21191,118
972,55211,653
973,42028,122
974,16876,206
975,86210,677
976,66795,748
977,21321,211
978,102929,8946
979,30106,222
980,37175,120
981,22226,226
982,24459,237
983,137423,1019
984,-13218,79682
985,92977,472
986,85647,394
987,81621,370
988,-15798,51
989,330936,2556
990,5454,404
991,1201169,184538
992,23969,236
993,21813,128
994,96321,273
995,7866,337
996,28322,514
997,12760,377
998,20592,353
999,100252,6386
1000,7645,372
1001,23386,158
1002,16430,999
1003,24168,123
1004,11166,18
1005,102780,147121
1006,9196,66
1007,25635,1258
1008,21221,303
1009,143361,3701
1010,27905,1854
1011,27802,471
1012,12512,178
1013,12294,234
1014,112536,314
1015,51659,262
1016,23826,197
1017,2077557,156376
1018,65020,623
1019,146594,2440
1020,18004,3603
1021,9638,546
1022,58317,3082
1023,104042,2137
1024,11791,126
1025,55763,1015
1026,43914,1422
1027,73078,867
1028,-8308,81
1029,32994,379
1030,22487,235
1031,65775,219
1032,16667,5
1033,11926,460
1034,44346,2990
1035,49337,1340
1036,11420,132
1037,18043,665
1038,32238,2017
1039,55585,260
1040,46043,211
1041,52920,1934
1042,101246,3552
1043,54468,274
1044,47905,18
1045,46167,131
1046,49089,135
1047,19128,404
1048,62524,2674
1049,107954,2571
1050,46633,111
1051,7345,42
1052,80486,3000
1053,22793,442
1054,24188,222
1055,3988,131
1056,21593,162
1057,14525,379
1058,25843,187
1059,10641,184
1060,33234,1305
1061,8479,67
1062,76434,1136
1063,42192,479
1064,64517,845
1065,19279,975
1066,28608,525
1067,95862,476
1068,69305,638
1069,117647,591
1070,27178,249
1071,57054,41
1072,645330,131
1073,322010,5433
1074,41693,104
1075,452193,3493
1076,14166,638
1077,219042,1630
1078,26996,222
1079,22689,543
1080,99603,2962
1081,26482,303
1082,21894,92
1083,58490,279
1084,190210,1635
1085,81467,308
1086,143829,362
1087,78859,922
1088,24948,318
1089,172195,162
1090,55949,1985
1091,52780,640
1092,2290,279
1093,21674,54
1094,114751,156
1095,1748,7991
1096,-1912,57
1097,78130,399
1098,36010,562
1099,3713,44
1100,20544,6
1101,15112,136
1102,30740,116
1103,28247,118
1104,18573,317
1105,18469,512
1106,57067,634
1107,64036,689
1108,19023,379
1109,21753,406
1110,2616,479
1111,42300,136
1112,15964,87
1113,194,2
1114,70648,1478
1115,160587,854
1116,35546,652
1117,231100,38028
1118,46339,36
1119,8676,44
1120,15601,232
1121,41105,495
1122,-1008,509
1123,32906,321
1124,48273,34
1125,65290,19
1126,33996,288
1127,79245,974
1128,29241,289
1129,4748,138
1130,62043,838
1131,39477,2368
1132,46363,317
1133,35146,308
1134,119011,1440
1135,35651,180
1136,44402,209
1137,147331,3856
1138,11304,33
1139,17194,98
1140,76777,267
1141,47713,366
1142,69522,487
1143,103050,517
1144,21825,269
1145,15980,85
1146,32411,311
1147,90971,470
1148,33593,173
1149,25410,94
1150,26673,93
1151,227175,633
1152,15413,734
1153,-114715,87213
1154,81846,525
1155,15763,75
1156,38079,479
1157,32072,3253
1158,28727,717
1159,27802,2723
1160,25581,404
1161,159266,1091
1162,25839,416
1163,130264,584
1164,48750,221
1165,22711,190
1166,2193267,7199
1167,-5184,15
1168,153762,4004
1169,63499,1073
1170,29033,269
1171,70878,140
1172,14905,812
1173,3152,547
1174,10712,168
1175,24814,664
1176,16313,210
1177,84312,389
1178,5472,61
1179,20694,1477
1180,31305,309
1181,52669,266
1182,97617,295
1183,53070,1188
1184,33975,251
1185,4163,42
1186,26012,247
1187,21558,170
1188,120880,488
1189,143328,2623
1190,3197,366
1191,8968,94
1192,5284,108
1193,14351,66
1194,8844,316
1195,19424,74
1196,146314,568
1197,-4639,2221
1198,109439,798
1199,97951,857
1200,56957,167
1201,11448,347
1202,26266,310
1203,135428,2110
1204,99754,185
1205,67404,1178
1206,83647,621
1207,4942,24
1208,3642,33
1209,79630,3697
1210,15726,64
1211,44024,801
1212,12388,42
1213,170451,822
1214,13685,121
1215,35293,446
1216,44013,36594
1217,29487,1270
1218,8544,148
1219,43363,9
1220,1335745,505
1221,14544,266
1222,52263,772
1223,59775,136
1224,40415,83
1225,21229,268
1226,42188,775
1227,40946,293
1228,100618,712
1229,21173,182
1230,143605,1621
1231,21804,128
1232,6376,39
1233,9283,8674
1234,18051,188
1235,12955,249
1236,8652,524
1237,88576,401
1238,8319,37
1239,62091,487
1240,14257,224
1241,33480,200
1242,183722,244
1243,25516,867
1244,45716,581
1245,53957,393
1246,222516,204
1247,81343,23
1248,7599,48
1249,28260,559
1250,41314,74
1251,18010,99
1252,105439,665
1253,13418,443
1254,31987,76
1255,21418,154
1256,64237,5759
1257,2422,137
1258,154888,423
1259,55295,7575
1260,543722,3520
1261,149369,1920
1262,1665,355
1263,-409,25
1264,10558,642
1265,2878,44
1266,50674,4606
1267,41730,2301
1268,19271,265
1269,35636,331
1270,43315,230
1271,15468,124
1272,76252,1946
1273,32559,820
1274,72946,2315
1275,205569,5380
1276,4182,212
1277,47110,3479
1278,16851,182
1279,460945,429
1280,211923,4711
1281,39159,2739
1282,15082,158
1283,15476,54
1284,43157,466
1285,24157,796
1286,33014,259
1287,54252,505
1288,73759,4295
1289,2380,4044
1290,233896,793
1291,207176,2034
1292,118286,199
1293,728760,3422
1294,381833,3384
1295,222232,5523
1296,-105,2305
1297,653667,2295
1298,35432,115
1299,10056,625
1300,79792,48
1301,20041,353
1302,367470,9163
1303,292714,3152
1304,45033,1430
1305,30525,301
1306,21377,286
1307,52421,1531
1308,12462,191
1309,17522,276
1310,51697,3902
1311,122160,4916
1312,28638,932
1313,55655,3566
1314,216992,24275
1315,61544,3291
1316,470657,129885
1317,174992,22696
1318,48886,3114
1319,441,121
1320,32711,396
1321,32262,104
1322,293738,318
1323,7356,674
1324,22719,293
1325,122373,843
1326,87778,2384
1327,46811,5672
1328,97667,10529
1329,78482,4313
1330,14714,1600
1331,117850,1019
1332,102788,6264
1333,10141,772
1334,215664,829
1335,42664,1091
1336,86674,4339
1337,152029,16182
1338,15125,1432
1339,60670,399
1340,301247,33615
1341,66193,578
1342,17250,157
1343,75014,4748
1344,53887,147
1345,70867,3065
1346,43691,3388
1347,146536,2147
1348,45573,3259
1349,301065,10478
1350,24346,2418
1351,56222,24930
1352,42237,3973
1353,50293,3122
1354,97901,721
1355,156668,14124
1356,208643,387
1357,40808,337
1358,88891,2883
1359,9589,599
1360,7605,4904
1361,121665,3189
1362,13102,136
1363,65285,517
1364,56817,1071
1365,4855,69
1366,38715,817
1367,21079,535
1368,385,16
1369,10508,586
1370,338365,1039992
1371,1898,111
1372,75256,814
1373,250,96
1374,4305,54
1375,-12456,479
1376,777006,381
1377,164400,670
1378,62516,1239
1379,133757,460
1380,28369,3505
1381,1314756,736556
1382,35735,131
1383,1312536,6105
1384,-21902,572
1385,401838,7531
1386,9705,84
1387,7969,954
1388,1004,2657
1389,125171,2335
1390,272916,3179
1391,76179,301
1392,58805,4291
1393,600854,189525
1394,276219,956
1395,8882,446
1396,633234,3430
1397,209520,6392
1398,51400,72
1399,369585,211607
1400,26344,1248
1401,24922,196
1402,43574,33645
1403,41434,286
1404,45070,704
1405,13522,20
1406,62837,42
1407,-9635,19
1408,66590,278
1409,126737,2294
1410,72396,2595
1411,20631,606
1412,383578,6396
1413,4788,862
1414,10703,168
1415,367230,1834
1416,31032,14
1417,24768,1436
1418,3854,34
1419,10716,379
1420,16547,1780
1421,58791,333
1422,45870,306
1423,565750,2393
1424,27157,985
1425,58103,1162
1426,44931,177
1427,142312,565
1428,53455,10852
1429,46787,5308
1430,75851,1003
1431,23661,81836
1432,1682,1110
1433,1740,11
1434,25561,880
1435,34436,113
1436,77726,1388
1437,26947,4267
1438,10332,692
1439,37687,404
1440,87342,4879
1441,24153,2899
1442,7154,1185
1443,268989,2643
1444,78377,704
1445,999944,4677
1446,20276,22
1447,-1007,31
1448,142464,1420
1449,183757,977
1450,16434,339
1451,57641,2479
1452,13585,1057
1453,27602,380
1454,123331,842
1455,93523,1889
1456,55670,4126
1457,53893,3953
1458,50844,1055
1459,21113,202
1460,140619,540
1461,38699,29
1462,156520,345
1463,-3141,227
1464,514918,28782
1465,27165,204
1466,21470,114
1467,44534,2303
1468,4041,81
1469,32130,2753
1470,72306,691
1471,52425,5120
1472,78759,4252
1473,9408,367
1474,-2423,1518631
1475,876967,3334
1476,-57225,968
1477,71889,652
1478,99247,5096
1479,13207,3116
1480,26133,1788
1481,13892,15
1482,79025,360
1483,28665,497
1484,42493,5471
1485,314129,3531
1486,-62903,9478
1487,305,6
1488,19927,61
1489,31070,654
1490,26079,2012
1491,57141,382
1492,4046,51
1493,33074,1064
1494,16905,1397
1495,27884,24
1496,390936,2729
1497,44495,1150
1498,130595,190
1499,33025,379
1500,65532,246
1501,661298,1624
1502,51461,287
1503,65047,618
1504,502528,395781
1505,149,49
1506,625261,3591
1507,163131,6210
1508,120740,395
1509,28967,1967
1510,20515,773
1511,25381,160
1512,56901,357
1513,153675,2228
1514,119921,2862
1515,110700,648
1516,39173,679
1517,49900,77
1518,12605,87
1519,32893,62
1520,62477,891
1521,118853,27447
1522,65953,1881
1523,26317,304
1524,841605,261
1525,3572,288
1526,19728,2611
1527,241423,2457
1528,220737,6489
1529,39099,381
1530,163133,3157
1531,95730,2746
1532,29483,411
1533,4068,667
1534,11611,209
1535,95688,1926
1536,128849,993
1537,86766,869
1538,26062,423
1539,20234,86
1540,1561,16
1541,91726,400
1542,156704,4386
1543,44873,2746
1544,138941,586
1545,92143,227
1546,67140,6239
1547,543012,5806
1548,67006,99
1549,-1245,433
1550,143697,33740
1551,107279,876
1552,111272,2510
1553,81031,652
1554,43524,716
1555,18860,520
1556,50582,69
1557,247155,439
1558,31550,2100
1559,48885,256
1560,48195,996
1561,21582,373
1562,57416,1745
1563,41264,37526
1564,113882,992
1565,125362,4011
1566,202684,1123
1567,40373,125
1568,48101,384
1569,381880,14090
1570,70331,143
1571,170694,9028
1572,22066,325
1573,24093,642
1574,63184,478
1575,271442,177
1576,87921,5642
1577,20497,94
1578,30908,212
1579,12841,377
1580,91017,855
1581,13306,183
1582,41202,800
1583,6221,53
1584,13611,323
1585,80093,11624
1586,30910,473
1587,18725,156
1588,31901,1384
1589,128112,791
1590,-6344,152
1591,27032,2984
1592,30428,476
1593,77497,593
1594,196611,761
1595,13769,126
1596,110596,153
1597,191981,264
1598,312,15
1599,1339,1224
1600,16640,986
1601,31878,2556
1602,48388,369
1603,40335,416
1604,2032,370
1605,14780,18556
1606,26067,1379
1607,35177,300
1608,-3891,2357
1609,-7552,15636
1610,87033,340
1611,236435,4189
1612,190721,787
1613,117407,476
1614,21296,1566
1615,88584,281
1616,71235,3047
1617,594944,4815
1618,81818,621
1619,42147,773
1620,744686,5303
1621,17600,202
1622,100591,25
1623,94100,368
1624,34615,2560
1625,234583,1372
1626,51002,156
1627,104323,1720
1628,62667,340
1629,54312,232
1630,36119,57
1631,4853,512
1632,90852,560
1633,43863,4090
1634,53428,7715
1635,69047,2637
1636,19647,296
1637,6629,2020
1638,4416,199
1639,22229,365
1640,528239,97563
1641,19559,289
1642,-6966,439
1643,352886,507
1644,250112,807944
1645,11159,970
1646,20714,258
1647,66941,468
1648,605914,678286
1649,43293,779
1650,94635,1971
1651,67757,507
1652,58747,3632
1653,13612,290
1654,24929,253
1655,63855,209
1656,400656,13651
1657,35039,1487
1658,912281,94118
1659,61151,4078
1660,75504,315
1661,267093,829
1662,37303,11435
1663,181366,429
1664,86019,4476
1665,40650,4980
1666,86839,249
1667,88765,1179
1668,171856,567
1669,35285,1498
1670,75948,382
1671,198592,2797
1672,111688,346
1673,94690,8879
1674,208699,16077
1675,30765,697
1676,4115,54
1677,73837,4442
1678,38568,4714
1679,85035,1964
1680,352443,9147
1681,18233,1443
1682,50965,4049
1683,57060,7268
1684,66434,1071
1685,25901,301
1686,29707,2829
1687,58015,970
1688,42888,453
1689,4221,39
1690,22159,3598
1691,393223,290944
1692,99044,48657
1693,3379,37
1694,-45571,197722
1695,119074,502
1696,104643,4923
1697,128528,4380
1698,57344,707
1699,49410,368
1700,116683,40
1701,43415,1476
1702,96536,918
1703,127449,345
1704,503331,4876
1705,-787,69699
1706,319849,865
1707,29642,365
1708,484408,648
1709,4799,94
1710,39551,107
1711,4906,394
1712,5925,198
1713,72108,145
1714,822492,5699
1715,34552,391
1716,26116,300
1717,66713,114
1718,38040,235
1719,78050,1648
1720,4158,143
1721,49683,2120
1722,23258,134
1723,8378,2093
1724,-462,9
1725,29986,1273
1726,56442,1661
1727,17252,3
1728,34682,2368
1729,56390,1416
1730,43992,295
1731,50756,5069
1732,148362,554
1733,344683,760
1734,20193,636
1735,214319,1480
1736,115322,744
1737,24908,241
1738,61787,1664
1739,4635,184
1740,79025,238
1741,42892,974
1742,-44780,411512
1743,3753,75
1744,8460,1658
1745,49851,3449
1746,10472,380
1747,1689,606
1748,782889,476
1749,149993,833
1750,307199,2049
1751,22260,1630
1752,-676,52
1753,-270,286
1754,32881,145
1755,35222,636
1756,2434266,1299054
1757,40740,74
1758,18903,519
1759,7178,314
1760,260898,10652
1761,192997,1188
1762,48279,3862
1763,82763,3302
1764,84810,130
1765,75134,278
1766,-19616,911926
1767,31342,423
1768,26785,130
1769,119,7
1770,5085,517
1771,348026,207
1772,27153,968
1773,58338,3783
1774,82397,562
1775,8244,108
1776,29057,1357
1777,67287,5620
1778,50513,44
1779,46877,24812
1780,132089,283
1781,60261,4455
1782,-22775,20870
1783,4014,526
1784,3650,155
1785,62714,512
1786,3826,5643
1787,30310,160
1788,149492,838
1789,74679,8172
1790,20849,584
1791,124860,104
1792,152915,470
1793,1222424,3189
1794,60769,1807
1795,-117135,2159
1796,2211,995
1797,34776,214
1798,285561,3216
1799,-90913,167686
1800,30587,213
1801,141607,6142
1802,110273,672
1803,37665,690
1804,39158,355
1805,60078,766
1806,26939,1337
1807,25925,1872
1808,865,485
1809,27757,261
1810,81370,613
1811,52325,526
1812,111420,476
1813,63628,8498
1814,191087,341
1815,15721,2425
1816,114734,624
1817,132274,176
1818,135257,103439
1819,17445,25
1820,196993,111
1821,7106,306
1822,52043,870
1823,202960,8998
1824,37333,461
1825,102187,9133
1826,27625,300
1827,53777,3218
1828,40350,2157
1829,52961,1536
1830,405950,2727
1831,24833,77
1832,32770,3171
1833,88074,141
1834,83095,4115
1835,31779,153
1836,19509,190
1837,18966,419
1838,241126,596
1839,15216,231
1840,122346,83
1841,37110,589
1842,3085,33
1843,8429,261
1844,15597,263
1845,38071,2032
1846,32492,1938
1847,30054,1827
1848,94866,635
1849,136154,18170
1850,71223,4804
1851,23499,2971
1852,67572,9156
1853,8778,199
1854,45974,5520
1855,-1307,1238
1856,17437,1414
1857,126935,10348
1858,21844,1379
1859,16889,148
1860,199429,901
1861,82928,653
1862,24292,255
1863,30821,264
1864,2186,27
1865,4367,250
1866,580624,134002
1867,40365,1126
1868,93506,1802
1869,79642,1870
1870,34040,123
1871,18631,22
1872,22217,273
1873,2007,20
1874,81641,3145
1875,3764,11
1876,-757,172
1877,33835,613
1878,44735,807
1879,50194,451
1880,103519,2375
1881,149538,1105
1882,116903,1317
1883,33349,232
1884,34903,157
1885,17909,1178
1886,33862,766
1887,52403,1408
1888,77925,120
1889,185521,3158
1890,58982,1682
1891,49557,8818
1892,89450,987
1893,38826,16550
1894,7695,314
1895,4512,140
1896,88521,1556
1897,61155,531
1898,18716,118
1899,-373,1528
1900,23605,1886
1901,15074,62
1902,6654,150
1903,2259,72
1904,452436,7807
1905,49579,4327
1906,49865,2304
1907,54829,453
1908,100198,296
1909,67042,564
1910,114926,2384
1911,88155,514
1912,58346,795
1913,35332,140
1914,48358,739
1915,8520,71
1916,-37063,129513
1917,69030,1320
1918,20184,103
1919,31340,144
1920,-5223,2470
1921,21322,487
1922,33959,674
1923,49476,3464
1924,27821,340
1925,97020,1345
1926,99874,4914
1927,41490,231
1928,18557,7206
1929,68290,1382
1930,63162,525
1931,46165,778
1932,307369,2733
1933,45483,2339
1934,74106,1051
1935,5873,301
1936,34482,112
1937,4834,27
1938,286047,448
1939,28362,190
1940,490,202
1941,879,56
1942,49653,2938
1943,17338,86538
1944,17770,128
1945,46879,230
1946,35721,479
1947,5929,430
1948,16791,1816
1949,25615,212
1950,96880,330
1951,33606,239
1952,31840,88
1953,27269,399
1954,77157,350
1955,9627,52
1956,66066,598
1957,13661,213
1958,44137,302
1959,-20494,187
1960,20536,909
1961,100902,335
1962,34227,2883
1963,452656,1304
1964,93085,596
1965,30969,203
1966,23968,167
1967,28947,120
1968,4880,94
1969,51998,226
1970,29975,260
1971,421022,3617
1972,3761,35
1973,342194,23303
1974,-14278,185
1975,6201,3834
1976,51710,18
1977,-1975,196203
1978,126048,335
1979,15020,484
1980,39119,1261
1981,15912,1288
1982,56318,2820
1983,22981,1987
1984,25527,1369
1985,101238,458
1986,42818,153
1987,172345,1192
1988,47045,1044
1989,103756,3433
1990,99610,4955
1991,144000,5777
1992,39331,322
1993,81015,2071
1994,218314,67
1995,211927,130
1996,76559,5431
1997,36280,493
1998,-9508,112
1999,43594,490
2000,57756,958
2001,30865,291
2002,49453,2648
2003,33764,278
2004,266393,11720
2005,135171,335
2006,46139,338
2007,45024,279
2008,13798,604
2009,48063,1108
2010,24218,175
2011,9740,155
2012,10830,231
2013,6399,404
2014,40161,200
2015,938,59
2016,27856,1344
2017,4401,1550
2018,47966,362
2019,90983,675
2020,142768,28
2021,82297,146
2022,42607,1116
2023,63404,6545
2024,35598,2388
2025,124668,3728
2026,3626,2916
2027,63040,889
2028,75896,615
2029,65456,6152
2030,26024,73
2031,93789,3932
2032,55400,24
2033,117847,83387
2034,3232,170
2035,15939,493
2036,24681,113
2037,26760,220
2038,42728,2583
2039,26208,384
2040,35725,2583
2041,115050,14413
2042,-6143,120
2043,80028,613
2044,129492,2879
2045,22314,345
2046,18941,1581
2047,32067,433
2048,156238,9142
2049,81613,842
2050,698279,1507581
2051,25383,122
2052,306688,3168
2053,228030,3831
2054,33225,773
2055,122172,445
2056,86801,1277
2057,11375,108
2058,35749,2132
2059,33707,610
2060,50925,1041
2061,35505,650
2062,19999,1116
2063,15058,148
2064,145436,48
2065,23089,497
2066,-822,98
2067,34845,42
2068,-1588,137
2069,449778,1089
2070,121986,4076
2071,33278,210
2072,214005,465
2073,89747,810
2074,-1790,27
2075,16837,227
2076,446109,17437
2077,4217,121
2078,196024,790
2079,93123,812
2080,195367,4179
2081,48827,1536
2082,170597,365
2083,35003,2389
2084,49600,3044
2085,82141,976
2086,75022,284
2087,84795,2579
2088,11925,189
2089,21082,200
2090,16334,419
2091,66929,736
2092,235162,145
2093,1011,818
2094,6926,76
2095,-10565,3441
2096,89262,419
2097,70747,101
2098,34979,118
2099,7310,52
2100,41044,368
2101,192956,226880
2102,89323,7857
2103,29876,707
2104,23643,783
2105,7164,510
2106,21798,298
2107,101066,13273
2108,8683,162
2109,136547,23295
2110,15300,20296
2111,182489,2096
2112,62926,259
2113,104977,1217
2114,22667,1568
2115,8500,382
2116,520,2
2117,478722,315
2118,28682,244
2119,87321,4315
2120,66478,1419
2121,70830,138
2122,109580,2138
2123,128193,2724
2124,94470,487
2125,66455,8114
2126,43953,203
2127,111578,1762
2128,235046,1601
2129,36864,583
2130,91025,6745
2131,25337,98
2132,235143,1474
2133,14552,69
2134,9623,83
2135,142271,8473
2136,6993,279
2137,58525,2407
2138,98485,1286
2139,120074,7099
2140,41865,623
2141,109215,1137
2142,48479,887
2143,30309,946
2144,61136,1267
2145,98987,192
2146,58849,760
2147,37107,273
2148,25241,190
2149,18199,97
2150,54362,814
2151,7551,453
2152,27062,126
2153,10356,461
2154,44337,1046
2155,28536,15
2156,-1513,1243
2157,42468,778
2158,-9696,30
2159,100,190
2160,146160,34
2161,25585,127
2162,14865,5270
2163,1724,72
2164,70,172
2165,32959,242
2166,128405,1019
2167,33174,312
2168,12543,368
2169,60330,2403
2170,125950,1852
2171,10912,121
2172,56529,1605
2173,128207,116
2174,113130,1441
2175,47424,3813
2176,-6375,48
2177,14918,227
2178,34480,273
2179,25263,418
2180,11547,305
2181,112011,943
2182,118554,721
2183,102492,650
2184,40609,214
2185,109913,2300
2186,169714,633
2187,169515,3232
2188,70428,2859
2189,26486,5290
2190,140119,743
2191,58118,2372
2192,38552,208
2193,18594,155
2194,16454,29
2195,68522,681
2196,83356,291
2197,59293,756
2198,33426,271
2199,70413,8821
2200,88750,483
2201,68159,640
2202,-80,267
2203,12392,731
2204,24860,566
2205,10731,163
2206,347,52
2207,435291,743490
2208,45513,495
2209,4408,141
2210,4493,314
2211,72733,1310
2212,112161,293
2213,307664,20642
2214,664975,3220
2215,27274,375
2216,22268,642
2217,72753,2325
2218,12332,40
2219,96036,9807
2220,289483,39809
2221,90,18
2222,1316,40
2223,-9658,689
2224,22082,121
2225,2715,17
2226,15258,199
2227,8394,41
2228,23421,205
2229,43485,576
2230,48437,2903
2231,7472,300
2232,125515,2396
2233,15201,79
2234,2207,137
2235,293354,6046
2236,18054,437
2237,26010,2302
2238,38567,768
2239,25322,695
2240,28670,805
2241,17912,916
2242,20766,716
2243,45468,832
2244,5314,10968
2245,77324,367
2246,187310,623
2247,280045,1976
2248,15609,1937
2249,119549,5869
2250,10839,740
2251,17237,98
2252,15471,86
2253,26047,110
2254,26708,138
2255,26911,145
2256,52759,5400
2257,4604,85
2258,672835,658
2259,15119,227
2260,332520,9858
2261,8274,194
2262,61244,677
2263,18563,136
2264,21088,487
2265,68244,2148
2266,29722,19
2267,13674,1758
2268,3730,74
2269,241661,3893
2270,1639,259
2271,22823,86
2272,36430,1689
2273,106252,50
2274,82158,916
2275,79997,633
2276,12208,118
2277,30275,282
2278,50193,1472
2279,34988,1531
2280,27128,468
2281,4899,140
2282,116205,1412
2283,170816,330
2284,80961,396
2285,179892,5556
2286,24828,199
2287,299753,4708
2288,6218,3408
2289,14010,71
2290,94223,567
2291,18187,529
2292,28463,281
2293,192690,2127
2294,72055,1251
2295,108101,4436
2296,5814,254
2297,5370,311
2298,4953,500
2299,44728,240
2300,4371,43
2301,16388,216
2302,28886,137
2303,18089,231
2304,108864,279
2305,116249,5166
2306,42559,935
2307,67458,2239
2308,63643,485
2309,86408,4971
2310,65891,108
2311,4539,146
2312,62852,988
2313,3113,136
2314,32260,3521
2315,22171,1168
2316,47828,3469
2317,71559,394
2318,30537,2090
2319,33977,1249
2320,23995,746
2321,78393,186
2322,86110,278
2323,60545,624
2324,82704,2875
2325,27563,133
2326,41662,434
2327,94542,372
2328,108693,4788
2329,1866,22
2330,60766,512
2331,89745,566
2332,74,401
2333,46490,4654
2334,85829,1133
2335,33107,562
2336,49868,2034
2337,147343,4714
2338,86921,882
2339,11466,112803
2340,62783,2208
2341,24878,1248
2342,22259,337
2343,19223,547
2344,703092,8629
2345,-14175,98
2346,191426,3873
2347,59485,263
2348,30821,185
2349,24550,215
2350,51924,285
2351,33309,2274
2352,32188,2110
2353,96750,6392
2354,470098,2527
2355,24882,204
2356,13784,343
2357,57892,1652
2358,80924,8626
2359,35602,202
2360,4269,84
2361,199839,1712
2362,30202,1032
2363,4745,44
2364,109072,3854
2365,23578,1729
2366,22615,1483
2367,-3137,233
2368,60863,6573
2369,-17404,395
2370,2430,144
2371,58193,291
2372,1608,58
2373,95012,637
2374,143330,93224
2375,50914,398
2376,29638,799
2377,13168,67
2378,20056,126
2379,40962,356
2380,7902,305
2381,36995,1464
2382,269023,335
2383,221469,8019
2384,16598,301
2385,60553,539
2386,34594,2313
2387,38584,862
2388,156074,2953
2389,14132,100
2390,34120,305
2391,26960,63
2392,15156,186
2393,18502,55
2394,52727,2253
2395,33411,5842
2396,5837,96
2397,29589,424
2398,33114,152
2399,116945,4630
2400,18434,522
2401,1426,12
2402,448111,2512
2403,178737,761
2404,31167,2569
2405,17327,1484
2406,48550,232
2407,10882,27
2408,26610,362
2409,89666,8551
2410,98422,677
2411,-367,56
2412,54936,247
2413,39378,123
2414,26876,96
2415,26379,1736
2416,25898,1955
2417,46468,13884
2418,27586,2082
2419,21844,632
2420,26960,1872
2421,2604,322
2422,22858,752
2423,26364,514
2424,-23672,3233
2425,104302,604
2426,79519,194
2427,34397,207
2428,59256,2988
2429,16166,1358
2430,81238,423
2431,137269,2426
2432,83329,4420
2433,56979,623
2434,9449,471
2435,40680,250
2436,22388,197
2437,440683,17
2438,190519,3174
2439,12354,4959
2440,208832,14
2441,25160,1906
2442,69233,394
2443,84113,121
2444,36046,313
2445,48410,24
2446,11358,42
2447,418160,185
2448,193525,120681
2449,312804,1241
2450,53258,3527
2451,64257,1247
2452,27624,269
2453,9721,279
2454,25742,253
2455,107046,2515
2456,1887,323
2457,2148,83
2458,29001,210
2459,52670,1059
2460,14873,567
2461,4548,54
2462,292645,3981
2463,71343,184
2464,89536,510
2465,14328,454
2466,77402,2447
2467,63111,1007
2468,11497,249
2469,1925,119
2470,-2805,1
2471,956430,465826
2472,4474,89
2473,11235,191
2474,173765,222
2475,8770,125
2476,6364,85
2477,11063,599
2478,27149,258
2479,56691,2100
2480,43664,3935
2482,11221,143
2483,47397,212
2484,15996,249
2485,40530,985
2486,-1769,138
2487,1710345,2566982
2488,38185,226
2489,32630,2621
2490,40939,965
2491,11487,113
2492,24744,241
2493,17384,283
2494,8871,55
2495,9755,95
2496,10730,96
2497,30622,471
2498,10357,66
2499,5052,14
2500,22899,812
2501,5792,99
2502,14074,219
2503,7275,32
2504,25665,113
2505,4350429,714758
2506,48126,1635
2507,2253,180
2508,12087,152
2509,67986,4945
2510,24054,1158
2511,37576,2731
2512,35762,815
2513,41388,151
2514,1373595,23720
2515,44834,493
2516,164160,7916
2517,79755,1467
2518,126112,1005
2519,12285,125
2520,11499,129
2521,20643,64
2522,5949,202
2523,79292,610
2524,52043,1019
2525,64013,140
2526,24436,296
2527,3133,168
2528,19987,232
2529,21059,876
2530,6388,632
2531,54802,76
2532,10232,58
2533,12952,40
2534,17298,193
2535,583731,21223
2536,21639,106
2537,32727,52
2538,43029,202
2539,39168,184
2540,31809,201
2541,-223,8
2542,32769,1507
2543,49719,1184
2544,-29017,2320
2545,41517,304
2546,8076,457
2547,38017,66
2548,7318,44
2549,33187,331
2550,13391,406
2551,153122,2349
2552,56429,3811
2553,12604,103
2554,-8814,2053
2555,509,76
2556,261941,10920
2557,185780,6715
2558,13284,141
2559,46121,12293
2560,6842,50
2561,43241,790
2562,7517,53
2563,16050,628
2564,138515,894
2565,58786,650
2566,43798,593
2567,34529,690
2568,10687,263
2569,42993,1336
2570,379149,229
2571,92031,380
2572,-9341,13766
2573,53182,1859
2574,1944,432
2575,14448,90
2576,24763,623
2577,13346,62
2578,20158,84
2579,32071,67
2580,85606,399
2581,47651,4616
2582,85880,261
2583,6128,98
2584,1349792,23025
2585,156599,185
2586,22679,1359
2587,6435,488
2588,5288,399
2589,77504,744
2590,52542,264
2591,18306,309
2592,211263,209
2593,36191,743
2594,29218,116
2595,66829,402
2596,33768,690
2597,6471,3279
2598,13535,601
2599,42124,160
2600,20291,269
2601,1906,46
2602,458,22
2603,34873,71
2604,105613,943
2605,163467,1032
2606,75512,569
2607,204872,898
2608,37337,74
2609,44154,1534
2610,26559,3602
2611,13415,608
2612,99757,716
2613,254090,1192
2614,119956,531
2615,91238,327
2616,-2889,153
2617,314375,1140
2618,124392,507
2619,5809,85
2620,43872,345
2621,34413,2090
2622,424,363
2623,62806,1519
2624,20318,822
2625,182100,395
2626,588333,4005
2627,263675,2489
2628,164203,414
2629,33210,109
2630,27599,1295
2631,635623,2561
2632,75597,76
2633,10965,541
2634,142341,3527
2635,154686,11635
2636,68842,1025
2637,84575,1146
2638,65934,612
2639,15246,221
2640,47289,2127
2641,38470,2567
2642,61949,2943
2643,131018,6294
2644,45995,150
2645,211226,3479
2646,120960,4477
2647,27,42
2648,30758,85
2649,191051,16868
2650,78883,6243
2651,89286,143
2652,20876,278
2653,13831,193
2654,51,103
2655,83395,552
2656,9994,1859
2657,22071,487
2658,72102,3199
2659,193361,153443
2660,43010,1421
2661,81386,867
2662,1049,82
2663,138649,4676
2664,58693,2210
2665,102253,4556
2666,22864,544
2667,44630,1053
2668,2069955,808
2669,28503,1847
2670,107380,333
2671,22928,3607
2672,31554,1214
2673,63882,864
2674,190350,3250
2675,438932,2675
2676,4109,222
2677,4408,234
2678,55403,651
2679,189315,554
2680,39070,1271
2681,55130,317
2682,57687,1110
2683,127189,3095
2684,6284,212
2685,70192,833
2686,41835,140
2687,24588,161
2688,15903,446
2689,19908,77
2690,95897,557
2691,26677,131
2692,62201,572
2693,87326,716
2694,30214,2359
2695,59200,1704
2696,46235,141
2697,87958,249
2698,20384,1249
2699,20759,224
2700,79250,4793
2701,90512,2035
2702,251778,1711
2703,-8357,839
2704,47750,3440
2705,95830,3134
2706,24188,251
2707,90761,488
2708,35392,73
2709,48731,3024
2710,34272,350
2711,95067,370
2712,12182,1827
2713,43716,989
2714,-89,48
2715,28534,259
2716,2069132,2581671
2717,266586,1748
2718,89184,313
2719,17840,493
2720,9819,7
2721,3272,48
2722,911960,4630
2723,732941,2973
2724,16241,66
2725,365153,1401
2726,42649,6742
2727,111999,9355

